0 0.2449999898672104
50 0.24754999056458474
100 0.24777349070459606
150 0.24964028605498376
200 0.25340107747333424
250 0.257949045184897
300 0.2631105740439268
350 0.2645172568941346
400 0.26618173897273384
450 0.2733462866605007
500 0.2795458977388206
550 0.283759521307335
600 0.2887467353104871
650 0.2944843329293074
700 0.3021498015109167
750 0.30763530789474264
800 0.3156562500884118
850 0.32193656187050373
900 0.32997846601574665
950 0.3338791113915441
1000 0.3430627376206443
1050 0.3527208561357552
1100 0.35923923023710586
1150 0.3613620535445694
1200 0.36957119165213004
1250 0.3766340564747707
1300 0.38168503349306726
1350 0.38868448277437756
1400 0.3927739475758905
1450 0.40064072829030695
1500 0.4072215065846489
1550 0.41345486167321177
1600 0.41695121496470855
1650 0.41989267808661385
1700 0.4252958984592712
1750 0.43263702021803274
1800 0.43645790968301734
1850 0.4398641727501547
1900 0.44316824613713857
1950 0.4475731997543824
2000 0.4521460044770067
2050 0.4571816244857477
2100 0.460116175965752
2150 0.46476269097288175
2200 0.4689698108158999
2250 0.4742507159192183
2300 0.47652319479926963
2350 0.4797775000997007
2400 0.4826341765272212
2450 0.48810515187513476
2500 0.4958119974619319
2550 0.5004376368228182
2600 0.5046245072889802
2650 0.5088357732862455
2700 0.5130707011605418
2750 0.5177785806264046
2800 0.522495221777101
2850 0.5243703662681971
2900 0.526639255995407
2950 0.5312400785301215
3000 0.5391528748867574
3050 0.5405282897845639
3100 0.5411124411625525
3150 0.5433290682137782
3200 0.5462291957382115
3250 0.5484423200091163
3300 0.5498390512671497
3350 0.5535938782986237
3400 0.5575360620211907
3450 0.5630099804466573
3500 0.5671196806756298
3550 0.5717060911136678
3600 0.575404908165681
3650 0.5791427623512221
3700 0.5802184797667878
3750 0.5838119250161563
3800 0.5857975683385552
3850 0.5844236401439894
3900 0.5854909310827209
3950 0.5865262032932904
4000 0.589330415620929
4050 0.5899505035814546
4100 0.5923519871865506
4150 0.594381426569596
4200 0.5966499842731872
4250 0.5990004833144801
4300 0.5999304686719945
4350 0.6048825541826812
4400 0.6075860773426242
4450 0.6124584944501408
4500 0.6135847389013809
4550 0.6152771972350185
4600 0.6160188808888145
4650 0.6195883148913036
4700 0.6214006656591413
4750 0.622558644688009
4800 0.625181886491778
4850 0.6274264295393969
4900 0.6284036356518569
4950 0.6305515262246734
5000 0.6303849804379332
5050 0.6293234318831021
5100 0.6315937284259301
5150 0.6346959170023057
5200 0.6387550389200318
5250 0.6423923874663285
5300 0.6423206154131853
5350 0.645250997236892
5400 0.646293467534362
5450 0.6482046646527404
5500 0.6494585246416327
5550 0.6520247693315372
5600 0.6557140255363353
5650 0.6561426052709243
5700 0.6582083278280523
5750 0.6570620781362618
5800 0.6621002172226855
5850 0.6621872095615957
5900 0.6615215928455944
5950 0.6622259451317521
6000 0.6621591657764415
6050 0.6646443909461994
6100 0.669005059289339
6150 0.6693349077252355
6200 0.6728048612802598
6250 0.6740707146550707
6300 0.6761985933584698
6350 0.6713626351285622
6400 0.6710217550733473
6450 0.674141101705891
6500 0.6735668677964075
6550 0.673759861977092
6600 0.6754470666899839
6650 0.679333654903861
6700 0.682653644112336
6750 0.6822740352896449
6800 0.68250581415943
6850 0.682280640092275
6900 0.6850622201742509
6950 0.6849103519954607
7000 0.6832630412925458
7050 0.6860151493385136
7100 0.6864346945007304
7150 0.6880416539518108
7200 0.6899004043332566
7250 0.6924533914880031
7300 0.6911797890281073
7350 0.6918943963586222
7400 0.6939375641817611
7450 0.695919436970206
7500 0.6939418537180487
7550 0.6992235982495584
7600 0.701346889729867
7650 0.7002564818935618
7700 0.7009987881520108
7750 0.700968825937962
7800 0.7036397600154138
7850 0.7048805673580026
7900 0.705934150623365
7950 0.7036561259616129
8000 0.7017464417536111
8050 0.7025940490732074
8100 0.703266228316267
8150 0.7061682400362674
8200 0.7073331929782306
8250 0.7090631967597302
8300 0.7078912995694779
8350 0.7094545602962913
8400 0.7090209232728258
8450 0.7111502965044736
8500 0.7132157867510325
8550 0.7119193136491806
8600 0.7114117340251285
8650 0.7116693828626816
8700 0.7104193000893407
8750 0.7077067212297117
8800 0.7091255194497691
8850 0.707951754366955
8900 0.7084632024512021
8950 0.7103093058054614
9000 0.7086500257729907
9050 0.7085405244991221
9100 0.7097843087641484
9150 0.7103907800734286
9200 0.7135290583878395
9250 0.7123731869938322
9300 0.7124519923853753
9350 0.7164284316839815
9400 0.7171355790195644
9450 0.7175215122211821
9500 0.7193958659962397
9550 0.7197139905885571
9600 0.7212225702986957
9650 0.7220858931897349
9700 0.721873317395401
9750 0.7194171192325248
9800 0.7216846043680888
9850 0.7237340650926369
9900 0.7246720429968067
9950 0.7264818824936838
10000 0.7301874267341291
10050 0.7292818035744774
10100 0.7281033493957175
10150 0.7253102486277437
10200 0.7260509411689113
10250 0.728119413434523
10300 0.7316258301016548
10350 0.7311270561999632
10400 0.7325932454437968
10450 0.7346154484381107
10500 0.7367269834114047
10550 0.7384751726216022
10600 0.7377709184443122
10650 0.7357377896035224
10700 0.7351156569167748
10750 0.7348121879245274
10800 0.7360178233596752
10850 0.7397372890880384
10900 0.741245169270988
10950 0.7407578149081142
11000 0.7414850800317173
11050 0.7441405289182261
11100 0.7456663135513584
11150 0.747446322571255
11200 0.7487229317497082
11250 0.7462112444409471
11300 0.7481249071792442
11350 0.7492311589625088
11400 0.7506042229061732
11450 0.7511860956467834
11500 0.7511505127773799
11550 0.749315997322533
11600 0.7523365181181126
11650 0.7533164215732112
11700 0.7562169296412705
11750 0.7587304227533905
11800 0.7595185090694307
11850 0.7598329532251432
11900 0.7596879644853377
11950 0.7605973244063684
12000 0.7620794065338423
12050 0.7645670251961338
12100 0.7674300148694032
12150 0.7706571144233211
12200 0.7695874014197749
12250 0.7703497780897213
12300 0.7691392853192343
12350 0.7693151060444015
12400 0.768135653435274
12450 0.7695415837606902
12500 0.7679053372492275
12550 0.7681181782046343
12600 0.7675746328584954
12650 0.7680973928713825
12700 0.7659044708706643
12750 0.7666273356001352
12800 0.767328514387722
12850 0.7665086592421927
12900 0.7654134000371315
12950 0.7678009988943244
13000 0.7689169691420713
13050 0.7674494591379767
13100 0.7691759750062095
13150 0.7671006953983954
13200 0.7685376744649179
13250 0.7684315438018169
13300 0.76817859720166
13350 0.7701832404300195
13400 0.7695777432171189
13450 0.7697404102053496
13500 0.7661481971839333
13550 0.7698637508392618
13600 0.7685178390293398
13650 0.7690123028571015
13700 0.7691919330561328
13750 0.7704161751359743
13800 0.7692036904540996
13850 0.770577579668951
13900 0.772210253709394
13950 0.7721439455259076
14000 0.7729796257296189
14050 0.7731902378875628
14100 0.773394529892629
14150 0.7735926949256826
14200 0.7730349139348609
14250 0.7745938661591871
14300 0.7779060498883092
14350 0.7749688686062367
14400 0.7751198016897427
14450 0.7731662069953202
14500 0.7735212197841026
14550 0.7750655828329516
14600 0.7741636154910142
14650 0.7767387074554372
14700 0.7763865458026206
14750 0.7803949484271839
14800 0.7785830990445359
14850 0.7763756073606602
14900 0.7770843377093289
14950 0.7770218068627933
15000 0.7799611526569095
15050 0.7793623177910999
15100 0.7763814484719437
15150 0.7770900035872739
15200 0.7740273038372836
15250 0.7737564842930116
15300 0.7737937890489655
15350 0.7706799740900361
15400 0.772309574509707
15450 0.7737402870598391
15500 0.7742280773036347
15550 0.7739512345553722
15600 0.7748826959451484
15650 0.7772862156389985
15700 0.7770676303857633
15750 0.7762556014741904
15800 0.7765179324286066
15850 0.7754223947418507
15900 0.7782597230426463
15950 0.7769619317805204
16000 0.7781030737555792
16050 0.7781599806846049
16100 0.7785151801196576
16150 0.7775097248591191
16200 0.7772844325411409
16250 0.7760158999940602
16300 0.7771854229227128
16350 0.7790698612363894
16400 0.7786477649701443
16450 0.7771883325932446
16500 0.7795226831876518
16550 0.7783370029781246
16600 0.7780868923165762
16650 0.7775442852609766
16700 0.7791179579906077
16750 0.7795944197515685
16800 0.7800565858715611
16850 0.779454888009312
16900 0.7758712403676745
16950 0.7765951017261328
17000 0.7772972472438373
17050 0.7755783306848291
17100 0.7778109814795399
17150 0.7810266517490514
17200 0.7805458517674264
17250 0.7823294754276223
17300 0.7837595906641146
17350 0.787696801799782
17400 0.7889658972451095
17450 0.7897469202562306
17500 0.7885545126485436
17550 0.7888978776267151
17600 0.7886309404396068
17650 0.790772012655572
17700 0.7925488529911605
17750 0.7924723862570165
17800 0.7944982133103201
17850 0.7946632672686383
17900 0.7946733679631188
17950 0.7960331661374439
18000 0.7973521721546787
18050 0.7969816059886803
18100 0.7948221585242756
18150 0.7958774950560077
18200 0.7955511709911088
18250 0.7934346365766314
18300 0.7951315981945881
18350 0.7957276483890856
18400 0.7946558186513107
18450 0.7975161436626179
18500 0.7950406603540975
18550 0.7960894418309349
18600 0.7942567590051604
18650 0.7947290563065311
18700 0.7918871842597074
18750 0.7936305694471718
18800 0.7942716522922311
18850 0.7924935031526176
18900 0.7924186969136299
18950 0.7920461351479141
19000 0.7928847508789
19050 0.7923482076372772
19100 0.7924277601206985
19150 0.7913049271740263
19200 0.7908157786435498
19250 0.7930413055703456
19300 0.7949000669754398
19350 0.7965530656814322
19400 0.7983064742831938
19450 0.7982072787672376
19500 0.7994610596174392
19550 0.7978272279719673
19600 0.7983424110612827
19650 0.7992921382287651
19700 0.7975133743680045
19750 0.7957879734230667
19800 0.79756433300444
19850 0.8003374025851533
19900 0.8019772810798033
19950 0.8038679629335114
20000 0.8039019224719434
20050 0.8046848642971061
20100 0.8042443172237836
20150 0.8041169862765587
20200 0.8018934772604666
20250 0.8018366715121411
20300 0.8022315712952512
20350 0.7997646250147006
20400 0.8011216871225664
20450 0.8007880371526196
20500 0.8004643948936317
20550 0.8018004639051296
20600 0.803696450274078
20650 0.8053855554068697
20700 0.8065739896029704
20750 0.8054767693426766
20800 0.8036624664054476
20850 0.8047525934146422
20900 0.800710016112882
20950 0.8003887144850863
21000 0.8000770519061245
21050 0.8023247403489407
21100 0.8039049987106771
21150 0.8046878482486778
21200 0.8052972124435895
21250 0.8052882944967192
21300 0.8063296448750363
21350 0.8040397561009899
21400 0.8057185620589743
21450 0.8083970046250004
21500 0.8066450944862504
21550 0.8043457422238676
21600 0.804665369885626
21650 0.8019754080022758
21700 0.8035661463344121
21750 0.8054091622304821
21800 0.8050968878642466
21850 0.8053939811567936
21900 0.804482161006834
21950 0.8049476977501916
22000 0.8062992657448023
22050 0.8065602877009326
22100 0.8045634793560069
22150 0.8030765748322755
22200 0.8034342757276423
22250 0.8042312469551339
22300 0.8050043090458009
22350 0.8063541804896825
22400 0.8088635546458386
22450 0.8084476485071423
22500 0.8060942196241327
22550 0.8047113927493065
22600 0.802470051539032
22650 0.8034459511372702
22700 0.8024425720309475
22750 0.8049192945839168
22800 0.8043217165331806
22850 0.8053920660385433
22900 0.8046303031990801
22950 0.8053913953905681
23000 0.8047796543156325
23050 0.80358626425701
23100 0.8034786748987882
23150 0.8054743147948756
23200 0.8075600853510293
23250 0.8068832817891404
23300 0.8066767836930939
23350 0.8079764808975568
23400 0.8095371868997835
23450 0.8106010703629575
23500 0.8099830371076595
23550 0.8099835460659552
23600 0.8090840388256697
23650 0.8065615183761554
23700 0.8077146736831776
23750 0.8043332332581056
23800 0.8040532367610413
23850 0.803931640015838
23900 0.801113691959772
23950 0.8004802803426719
24000 0.8006158721469685
24050 0.8020973966978151
24100 0.8044344746538294
24150 0.8050514418447261
24200 0.8045998974449751
24250 0.8038618996633189
24300 0.805246043388675
24350 0.8085386609426056
24400 0.8102325014004297
24450 0.8102255264299423
24500 0.8115687612092486
24550 0.8116716983014455
24600 0.8125215465656208
24650 0.8130459014561126
24700 0.8122045234110711
24750 0.8143883874226366
24800 0.8148567370874179
24850 0.8150110347602186
24900 0.815460703216733
24950 0.8149968824778588
25000 0.8160469767187788
25050 0.8142155672741642
25100 0.8155891006850927
25150 0.8167714282367445
25200 0.8170182868201538
25250 0.8183077386447025
25300 0.8191085073436682
25350 0.8207852521233582
25400 0.8203116947742342
25450 0.8224023435018537
25500 0.8232302739120538
25550 0.8238833665529991
25600 0.8248168643404744
25650 0.8236223591970415
25700 0.8244136873482467
25750 0.8281812763701715
25800 0.828835838794322
25850 0.8282707654901573
25900 0.8295226426685037
25950 0.8307369635314997
26000 0.8316148550547081
26050 0.8302164084017088
26100 0.8308099168649132
26150 0.8291356186437101
26200 0.8257115510857569
26250 0.8225402036233517
26300 0.8226139971570232
26350 0.8237355776714659
26400 0.8227235109850521
26450 0.8224918055839749
26500 0.8234670519886602
26550 0.8214130402859492
26600 0.8183706499356777
26650 0.8185695300799795
26700 0.8211624433192732
26750 0.8185775704488485
26800 0.8184702432638574
26850 0.8179161363235695
26900 0.8146786533782716
26950 0.812288294206077
27000 0.8123696453083691
27050 0.8121485561636946
27100 0.8131341003370907
27150 0.8140900781852848
27200 0.8135173763404053
27250 0.8123618543349373
27300 0.814390998561838
27350 0.815159269606341
27400 0.8148544917327274
27450 0.8171088565515922
27500 0.8170455907835188
27550 0.8174342225593342
27600 0.8173611958110285
27650 0.8178903592929675
27700 0.8187036493724853
27750 0.8196425406065664
27800 0.820253263601588
27850 0.8203956653359125
27900 0.8223337950897328
27950 0.8225637807363618
28000 0.8227868686017313
28050 0.8233032635450375
28100 0.8191541657102119
28150 0.8167795410250079
28200 0.8174761557956158
28250 0.8174018710502218
28300 0.8159798143465105
28350 0.8152004205598453
28400 0.8139944090159336
28450 0.8122245766024043
28500 0.8136578397334856
28550 0.8142981038977508
28600 0.8140191592072556
28650 0.8153985848601913
28700 0.8149366258838742
28750 0.8162885275365114
28800 0.8186498711382114
28850 0.8170403745749116
28900 0.8168291634091898
28950 0.8155742877916583
29000 0.8139070588718063
29050 0.8134898456751406
29100 0.8150351505909886
29150 0.8124840966454636
29200 0.8130095732454207
29250 0.8121692868348394
29300 0.8146542076575896
29350 0.816314581570913
29400 0.8182251439807344
29450 0.8169283889460566
29500 0.8167205373492004
29550 0.8147189212287242
29600 0.8148773533772857
29650 0.8148810327044416
29700 0.8141346005788991
29750 0.8149105617747507
29800 0.8146132451360849
29850 0.814024846494542
29900 0.8121041010997057
29950 0.8138409782097656
