0 0.22999998927116394
50 0.23179998934268953
100 0.23339598866105082
150 0.23494410889393094
200 0.23614578580592696
250 0.23701141269666537
300 0.23755107017271426
350 0.2374745376026166
400 0.23740030145665672
450 0.23972829234143145
500 0.2434864438572908
550 0.24623185079191157
600 0.24889489551849375
650 0.25027804915361795
700 0.25371970796511173
750 0.25390811733412577
800 0.25514087431478105
850 0.2564866484429655
900 0.26079204916849047
950 0.26406828783648695
1000 0.26814623938020626
1050 0.2698518518411722
1100 0.2709062965005138
1150 0.27657910696176824
1200 0.27803173339528736
1250 0.2786907817510566
1300 0.28278005715411575
1350 0.2847966552606784
1400 0.28855275638963934
1450 0.2920461728396433
1500 0.2967847872968261
1550 0.2989812438209725
1600 0.30201180668515726
1650 0.30615145241307695
1700 0.3092669087333963
1750 0.3110889016144456
1800 0.3146562347805889
1850 0.31931654770140844
1900 0.3229370511988406
1950 0.3277989400920288
2000 0.33116497181774235
2050 0.33413002287778676
2100 0.3374561219768764
2150 0.3435324371731609
2200 0.347626463736101
2250 0.3491976700028319
2300 0.3507217400815609
2350 0.3510000883082675
2400 0.3520200853729172
2450 0.35450948288325523
2500 0.3572241981821809
2550 0.35985747202213875
2600 0.36511174686011655
2650 0.36645839524109436
2700 0.367914643133522
2750 0.3726272031242606
2800 0.37629838717358394
2850 0.3761094357014276
2900 0.38027615220123134
2950 0.3834178671702782
3000 0.38871533122669544
3050 0.387853871719048
3100 0.39136825542442544
3150 0.3943272071537253
3200 0.39434739036690897
3250 0.39586696844132496
3300 0.4004909579575737
3350 0.40047622850359077
3400 0.404511940647125
3450 0.4054265824992368
3500 0.41006378688392464
3550 0.4139618739211371
3600 0.4160930181326564
3650 0.41801022726681164
3700 0.4180699200554166
3750 0.4208278221676518
3800 0.4250029857860085
3850 0.42755289592632595
3900 0.42897630976379186
3950 0.4291570205424037
4000 0.43353231135664305
4050 0.43702634237357163
4100 0.43906555195931335
4150 0.4393935850429061
4200 0.44121177749161894
4250 0.4440254231655123
4300 0.44795466011291907
4350 0.44756602038105703
4400 0.44838903869674174
4450 0.45203736732126276
4500 0.455726245943997
4550 0.4545044583153376
4600 0.45661932385062176
4650 0.45567074449273093
4700 0.45550062180032114
4750 0.45878560307478594
4800 0.4601720348394912
4850 0.46181687336515304
4900 0.4622123669853845
4950 0.4622959960831113
5000 0.4635771160575668
5050 0.4646698025758398
5100 0.47007970792636
5150 0.47172731597331347
5200 0.4698754963868257
5250 0.46957923174556043
5300 0.46914185518658424
5350 0.4694675992091216
5400 0.47083357080369453
5450 0.474108564967044
5500 0.4766853080895583
5550 0.47333474913297385
5600 0.4762347046562686
5650 0.480247663945734
5700 0.48309023366973414
5750 0.4873475266596421
5800 0.48727710128900625
5850 0.48555878846491274
5900 0.48734202352350503
5950 0.4917717625316976
6000 0.4962186092265932
6050 0.4978320513074233
6100 0.5014970899112517
6150 0.5028021777145932
6200 0.5027181123831554
6250 0.5047365705852234
6300 0.5027944733961411
6350 0.5028606390512057
6400 0.5030748195935673
6450 0.505832575864067
6500 0.5055075987311962
6550 0.5074423705546836
6600 0.5081190985797361
6650 0.5105755266237021
6700 0.5134082613971956
6750 0.5149560134837542
6800 0.5154073322209347
6850 0.5176451132556648
6900 0.516965760001046
6950 0.5191567882023727
7000 0.5170820841986736
7050 0.5204696215296624
7100 0.5222555341712328
7150 0.5259378675738913
7200 0.5253097314036234
7250 0.5257504401052449
7300 0.5273779281895479
7350 0.5304565902008104
7400 0.5310428928524139
7450 0.5319116079265064
7500 0.5306542599748135
7550 0.529884632032518
7600 0.5313880925708635
7650 0.5338964500798399
7700 0.5348295582940584
7750 0.5357346714737111
7800 0.5382626314725509
7850 0.5435647535297324
7900 0.5460078109238405
7950 0.5480775768822277
8000 0.5476852485744028
8050 0.5471546920470032
8100 0.5476900512140676
8150 0.546109348926627
8200 0.5480260688879817
8250 0.5470352863921888
8300 0.5486242285156788
8350 0.552865501588683
8400 0.5539795375423805
8450 0.5541601514876346
8500 0.5567353483019916
8550 0.5571332876383551
8600 0.5600692881508976
8650 0.5620172095063707
8700 0.5613566920767704
8750 0.5626659918866719
8800 0.5576360124519368
8850 0.5551569318995648
8900 0.5559022234418989
8950 0.5539251570247442
9000 0.553207401455695
9050 0.5547611799842288
9100 0.5534183442985996
9150 0.5533157943272695
9200 0.5551663207835538
9250 0.5556113309454704
9300 0.5597929908025296
9350 0.5617492010784538
9400 0.5619967248315235
9450 0.5649368220852198
9500 0.5695887182809701
9550 0.566151056231862
9600 0.5649165238296504
9650 0.5665690282578121
9700 0.5672719584114357
9750 0.5676538009465529
9800 0.5660741864890029
9850 0.5681419606082305
9900 0.5677477020045604
9950 0.5705152699430655
10000 0.5689998112725689
10050 0.5681298157899827
10100 0.5705859223891668
10150 0.5728183441452873
10200 0.5737837943931333
10250 0.5750202808474416
10300 0.5762196727081207
10350 0.5767830833851839
10400 0.5767295905260006
10450 0.5813277033824252
10500 0.5830878718517991
10550 0.5837452362684498
10600 0.5839328801817543
10650 0.5877148949207108
10700 0.5880834487883453
10750 0.5918909445379136
10800 0.5907842164163529
10850 0.5894106904245413
10900 0.5880783702124841
10950 0.5908360193206863
11000 0.591560939027168
11050 0.5919641114285575
11100 0.59550518923011
11150 0.5942900337677834
11200 0.5934113326832244
11250 0.5949589921305232
11300 0.5930102215083006
11350 0.5914199137186424
11400 0.5912273156633531
11450 0.5905904959788758
11500 0.5917727809564585
11550 0.5909695974562391
11600 0.5936405097471287
11650 0.5953312937394591
11700 0.5926213547842242
11750 0.5916427124240837
11800 0.5936934300500031
11850 0.5935826281498611
11900 0.5969251505928256
11950 0.5977673960750408
12000 0.6005343741212641
12050 0.5994683428261006
12100 0.6000842926843688
12150 0.6020317645475679
12200 0.6031708111819875
12250 0.6072756871326301
12300 0.6093074168762791
12350 0.6082781958005021
12400 0.6075798510708963
12450 0.6096024541082579
12500 0.6058643809141635
12550 0.6089884488430084
12600 0.6102187946624624
12650 0.6126122325392024
12700 0.6119338665643843
12750 0.6135258494230436
12800 0.6156700740118779
12850 0.6187999726498284
12900 0.6174859731127057
12950 0.6166613949206825
13000 0.6181115537167922
13050 0.6189182065330838
13100 0.6191006603370913
13150 0.617177638953416
13200 0.6195123095702368
13250 0.6228269408553344
13300 0.6245421328442511
13350 0.6238058695741793
13400 0.6194916940591585
13450 0.6213069434519605
13500 0.6208177357206063
13550 0.620043204507295
13600 0.6194419090873319
13650 0.6188586525299676
13700 0.6199428920957618
13750 0.6164946051898378
13800 0.6171997666049892
13850 0.6183337727485327
13900 0.6174837605674348
13950 0.6181592473212584
14000 0.6210644709029787
14050 0.6238825359891079
14100 0.6228660591226534
14150 0.6209800774204993
14200 0.6166006749190704
14250 0.6177526538131916
14300 0.6173700747710004
14350 0.6205989732431262
14400 0.6202810044749859
14450 0.6214725733393782
14500 0.6242783953524155
14550 0.622950042991164
14600 0.6212115434180427
14650 0.6207251976877061
14700 0.6231034413994471
14750 0.6218103376567846
14800 0.619356026382672
14850 0.6208753443037315
14900 0.6227990840461451
14950 0.6216651108810307
15000 0.6261151569823952
15050 0.6241317023444489
15100 0.6252077520608967
15150 0.6253515193560187
15200 0.628190974633645
15250 0.6283952451085334
15300 0.6287433891142633
15350 0.6274310867971052
15400 0.6306581546223455
15450 0.6334884106989309
15500 0.632183759379321
15550 0.6300182466694669
15600 0.6315176994839596
15650 0.63012216964385
15700 0.6286185058419949
15750 0.6310599500230047
15800 0.628028152452147
15850 0.6312373083077362
15900 0.6309001892015552
15950 0.6284731838831364
16000 0.6303189900832561
16050 0.6318094188071958
16100 0.6343051372443379
16150 0.6344759826978543
16200 0.6359917032884443
16250 0.6335619524043677
16300 0.6328550942613902
16350 0.6336694422203298
16400 0.6311593575232085
16450 0.634874576654461
16500 0.6353283386395715
16550 0.6387684884803844
16600 0.6401554338974984
16650 0.6395507710236247
16700 0.6412142476783392
16750 0.6410278199618868
16800 0.6399469859352348
16850 0.6423485754273452
16900 0.6392781170201157
16950 0.6400497741532425
17000 0.6440982802133894
17050 0.6442753310917321
17100 0.6432470715881335
17150 0.6438996582960803
17200 0.6431826686902491
17250 0.6445871885580161
17300 0.6454995732589035
17350 0.6451845857750341
17400 0.6414290476295785
17450 0.6409361762006912
17500 0.6412080901994148
17550 0.6386218477080091
17600 0.6394131911323596
17650 0.6392807951122865
17700 0.6378023704721366
17750 0.6381682986427168
17800 0.6385232489681797
17850 0.6367675527865946
17900 0.6358145267752013
17950 0.6314400912580476
18000 0.6334968899508177
18050 0.6348919834668699
18100 0.6357952228184546
18150 0.6393713659908498
18200 0.6395402244389197
18250 0.6373040194223658
18300 0.6411348984105414
18350 0.6382508519589042
18400 0.6411533268292905
18450 0.6436687259515281
18500 0.6459586632431498
18550 0.6451799034889064
18600 0.6442745066703416
18650 0.6430962720424359
18700 0.6440533824506514
18750 0.6431817812632341
18800 0.6379863286836439
18850 0.6434467403966972
18900 0.6454433375410661
18950 0.6446800375578853
19000 0.6461896380047113
19050 0.6457039487215188
19100 0.6482328308320778
19150 0.6496358456925388
19200 0.6494967697495582
19250 0.6508618664424948
19300 0.6499360105922711
19350 0.6493379301314519
19400 0.6474077933719176
19450 0.649435560572118
19500 0.6503524939695312
19550 0.6546919196511243
19600 0.6568011627768463
19650 0.6564471273213364
19700 0.6571537119281337
19750 0.6579891006418153
19800 0.65579942876697
19850 0.6554754453317563
19900 0.656061180541292
19950 0.6552793449820021
20000 0.6560209648471188
20050 0.6550903359017053
20100 0.6540376259677053
20150 0.651966496544944
20200 0.654607501934698
20250 0.6534192771627594
20300 0.6536166978465185
20350 0.656508196911123
20400 0.6564629501454825
20450 0.6550690620702715
20500 0.6537169906373168
20550 0.6552554804175184
20600 0.6567478172924531
20650 0.657745382702154
20700 0.6618630217217685
20750 0.6613571304979109
20800 0.6623664181565362
20850 0.6625954243243797
20900 0.6644675605217647
20950 0.6646335324186514
21000 0.6667445268752453
21050 0.6614421913550902
21100 0.6604989254713863
21150 0.6613839594238585
21200 0.6590924417855519
21250 0.6601696701055481
21300 0.6600145791440748
21350 0.6619641424850083
21400 0.661005218067407
21450 0.6648750603809755
21500 0.6618788084980207
21550 0.6624224426695174
21600 0.6623497683880738
21650 0.6616792749072782
21700 0.655328896302432
21750 0.6565190291987824
21800 0.6533234586804467
21850 0.6574237537756241
21900 0.6600510413054066
21950 0.659449509637091
22000 0.6624660240618759
22050 0.6607420439122242
22100 0.6610197813073971
22150 0.6590391887264822
22200 0.6592180137084179
22250 0.6607414726534352
22300 0.66116922883146
22350 0.6618841538261812
22400 0.6621276297120747
22450 0.6598138019651216
22500 0.6590693876200657
22550 0.6583473057053615
22600 0.6564468873925076
22650 0.6585034814859881
22700 0.6562983763976784
22750 0.6549094255349015
22800 0.6552121416244452
22850 0.6498057780909675
22900 0.6469616049628152
22950 0.643302756098675
23000 0.6423036738448682
23050 0.6432845639871501
23100 0.6460360274966891
23150 0.6443549458850072
23200 0.6436242976515082
23250 0.6462155692941676
23300 0.6446791030736494
23350 0.6461887315550026
23400 0.6479530708958128
23450 0.6457644784113106
23500 0.646791544273548
23550 0.6461377979453417
23600 0.6470036643646093
23650 0.6431935538614665
23700 0.6444477473171482
23750 0.6455143151122105
23800 0.6453488852296908
23850 0.6459384175283909
23900 0.6453102650025392
23950 0.6466509587690767
24000 0.6449514292192232
24050 0.6464528861280698
24100 0.6470093001879579
24150 0.6484490209677425
24200 0.6499955499810824
24250 0.6495456831955477
24300 0.6482093132718859
24350 0.6478130335876271
24400 0.6493786440105098
24450 0.6510472859776548
24500 0.6517658677559531
24550 0.6512628914371723
24600 0.6485250047655827
24650 0.6473692550517687
24700 0.6468481772571645
24750 0.646792731367245
24800 0.64583894971233
24850 0.6456637807918068
24900 0.646993867296527
24950 0.6476840517783102
25000 0.6522535287944494
25050 0.6544359236458717
25100 0.6585028447920863
25150 0.6597477590906959
25200 0.6623053264610262
25250 0.6637361678116046
25300 0.6640740831348844
25350 0.6597518600686333
25400 0.6593093036943698
25450 0.6618800247265899
25500 0.6600236247000479
25550 0.6603229164597255
25600 0.6579132284652548
25650 0.6581258304668879
25700 0.6557820550522022
25750 0.6580085939728407
25800 0.656568336582809
25850 0.657871286127697
25900 0.658685149403531
25950 0.657824594778374
26000 0.6589398567204461
26050 0.658671660303577
26100 0.65631151178193
26150 0.655522166285421
26200 0.6547565011538072
26250 0.6537138062622442
26300 0.6536023913591211
26350 0.6518443204766544
26400 0.654638991005406
26450 0.6574998212752439
26500 0.6595248273522423
26550 0.6595390815303169
26600 0.6612029082976261
26650 0.6569668204764927
26700 0.6554078164344025
26750 0.660495583371882
26800 0.6598807154415721
26850 0.6606342940498505
26900 0.6612152654429317
26950 0.6625288087671042
27000 0.6597529442895144
27050 0.6584103562469312
27100 0.6608580458456257
27150 0.6608323034688989
27200 0.6611073330773716
27250 0.6643741125128458
27300 0.6646928894950883
27350 0.6638021025241334
27400 0.6630880390192561
27450 0.662395397419525
27500 0.6609735357830416
27550 0.6612443302102294
27600 0.6573069994456157
27650 0.6590377904636052
27700 0.6601166565351204
27750 0.6580131578404248
27800 0.6609227629621609
27850 0.6653950783566823
27900 0.6647832254337773
27950 0.6662897296721221
28000 0.6653510374958561
28050 0.6606905060848781
28100 0.6627697914745364
28150 0.6634366978018259
28200 0.6621335970108223
28250 0.6641695896727022
28300 0.6610445020540467
28350 0.6628131678507323
28400 0.663478772886736
28450 0.6639744099147107
28500 0.6629551774742183
28550 0.6613665225791452
28600 0.6622255268302453
28650 0.6627587612399146
28700 0.6677759996901775
28750 0.6726427191987931
28800 0.6701634386241874
28850 0.6736085344641037
28900 0.6705002800037432
28950 0.669135271603631
29000 0.6684112128833175
29050 0.6702588770690227
29100 0.6738511114006822
29150 0.6723855780586617
29200 0.6747140107169018
29250 0.6760725912537017
29300 0.6739404140882952
29350 0.6759222019517487
29400 0.6728945373237076
29450 0.6767076997734849
29500 0.6772564685657037
29550 0.6782387738650023
29600 0.6787416104344756
29650 0.6795293616207623
29700 0.6811934812012929
29750 0.6780076781957656
29800 0.6768674474207392
29850 0.6768114225676055
29900 0.678407080462782
29950 0.6768048680488985
