0 0.21000000834465027
50 0.21360000759363174
100 0.2169420070081949
150 0.21823374651184677
200 0.21933673397344022
250 0.2214566317038975
300 0.22471293225210157
350 0.22787154378385951
400 0.2309353978637344
450 0.23705733599934797
500 0.24224561670614883
550 0.24532824816920157
600 0.2472684007956511
650 0.24885034912940945
700 0.2535348377972203
750 0.253128792949406
800 0.2552849296973656
850 0.2579763817706819
900 0.2599870899599336
950 0.26268747708232165
1000 0.2650068528771404
1050 0.2665066472193006
1100 0.2706614478384844
1150 0.2742416048682461
1200 0.275614356507622
1250 0.27754592591968175
1300 0.28181954774870066
1350 0.28431496160234193
1400 0.28913551253969494
1450 0.29306144766418313
1500 0.3000196035190019
1550 0.30286901484122725
1600 0.304432944968195
1650 0.30999995690525145
1700 0.31254995851995904
1750 0.3195234602650393
1800 0.32373775581335795
1850 0.32602562331777113
1900 0.3285448545109496
1950 0.33338850826765376
2000 0.3362868532342009
2050 0.3390982478517516
2100 0.34257530080958964
2150 0.3483480407839439
2200 0.3555975987736442
2250 0.3599296708104349
2300 0.36173178029273123
2350 0.3645298263832703
2400 0.36784393141295824
2450 0.37225861304141605
2500 0.37639085436407127
2550 0.3790491288404375
2600 0.378327655547429
2650 0.3807778261313456
2700 0.3836044911685913
2750 0.38754635600438014
2800 0.393019965109672
2850 0.394729365798754
2900 0.3989374856115727
2950 0.4021193609001744
3000 0.40475578035927146
3050 0.40926310716307
3100 0.41018521387665235
3150 0.41407965631594357
3200 0.41485726655493965
3250 0.4222115493450728
3300 0.4252952021494649
3350 0.4306863466571856
3400 0.43381575525611193
3450 0.4361012823123263
3500 0.4395182442005844
3550 0.4441826977328737
3600 0.4487072176591944
3650 0.45129600012806054
3700 0.45245711951625134
3750 0.45583340585923826
3800 0.45685840307549375
3850 0.4595026496957686
3900 0.46236757041947224
3950 0.46379654302078577
4000 0.46758264773152025
4050 0.46900516787042124
4100 0.471585011260746
4150 0.4724374609229236
4200 0.4761143379535428
4250 0.4772809073857831
4300 0.48096248087946536
4350 0.4855836061669791
4400 0.48886609705213724
4450 0.49010011328226627
4500 0.49354711045600286
4550 0.4953906973568995
4600 0.49867897700839714
4650 0.5005186077696708
4700 0.5051530504664131
4750 0.5037984583086905
4800 0.507284504702481
4850 0.5126159696329321
4900 0.5143374903293674
4950 0.5161573670499978
5000 0.5159726457523955
5050 0.5171434665944004
5100 0.518279162811145
5150 0.5189307867824016
5200 0.5258628631789295
5250 0.5277869782849196
5300 0.5287533690078976
5350 0.5311907683668141
5400 0.5323550468893723
5450 0.536634395840319
5500 0.537035362534598
5550 0.5384743028029693
5600 0.5401700727890477
5650 0.5434649698901206
5700 0.5505610199351101
5750 0.5521941899092614
5800 0.5578283644980859
5850 0.55774351377772
5900 0.5594612086504908
5950 0.5597773721763993
6000 0.5633840512256841
6050 0.5647825301180671
6100 0.5670390537853717
6150 0.5644278818499454
6200 0.5659450456805494
6250 0.5678666941670818
6300 0.5685306925552881
6350 0.5705247714925272
6400 0.5654090285265654
6450 0.5641967569555127
6500 0.5654208548190519
6550 0.5667582296036338
6600 0.5689554822863714
6650 0.570936817531678
6700 0.5740587115752162
6750 0.5751369506571131
6800 0.5775328430672322
6850 0.5752068577752152
6900 0.5771506516128053
6950 0.5766361321359468
7000 0.5797370465983057
7050 0.58064493562951
7100 0.5821255874175736
7150 0.5835618196519953
7200 0.5864549652770121
7250 0.5895613162471762
7300 0.5898744756868773
7350 0.5883782402718619
7400 0.5881268925630271
7450 0.587133086000713
7500 0.5882690934206917
7550 0.5913210205465453
7600 0.5915813906454047
7650 0.5909339487114659
7700 0.5940559300355452
7750 0.5969342538510927
7800 0.5977762262355599
7850 0.5954429388762885
7900 0.5943796507815254
7950 0.5934982611865541
8000 0.5924933134224831
8050 0.5937685137337064
8100 0.5917054576064396
8150 0.5882042936994325
8200 0.5873581649599751
8250 0.586987419653548
8300 0.5897777972785183
8350 0.5929344649337254
8400 0.5919464292690999
8450 0.5929380363910269
8500 0.5959998950847195
8550 0.5961198989474337
8600 0.596686302265113
8650 0.5985857121958015
8700 0.5990781411160297
8750 0.5971557958811908
8800 0.5963411217901784
8850 0.5936008879934219
8900 0.5940928617827728
8950 0.5929200761438663
9000 0.5901324738595504
9050 0.5929785015034288
9100 0.5966391474596839
9150 0.5980899724636889
9200 0.602797273146727
9250 0.6031633552384276
9300 0.606368455725684
9350 0.6093274015532344
9400 0.6082975809371488
9450 0.6075986528653042
9500 0.6076706937084986
9550 0.6089405721819879
9600 0.6115223565900909
9650 0.6098266861069649
9700 0.6096818860959605
9750 0.6128414305144397
9800 0.6118561888864669
9850 0.6128505044358076
9900 0.6157649886590031
9950 0.6178420390707586
10000 0.6176067783277893
10050 0.6151285739765976
10100 0.6148247173295043
10150 0.61257997466521
10200 0.6107025757828816
10250 0.6114314982232929
10300 0.6101885530620174
10350 0.6148328960410033
10400 0.6155879087306199
10450 0.6164702708964968
10500 0.6177761635563832
10550 0.6181428785066406
10600 0.6192485912931346
10650 0.6191211338404429
10700 0.62169750111269
10750 0.6243465772237184
10800 0.6230161811944672
10850 0.6263756961877867
10900 0.6276844240146927
10950 0.6300038925817123
11000 0.6330037763764655
11050 0.6335136623699159
11100 0.6379082516405116
11150 0.6375210040912962
11200 0.6378953732533016
11250 0.6405085127709583
11300 0.64244325867529
11350 0.642519962130966
11400 0.6460443629809346
11450 0.643613032019981
11500 0.6466546412024328
11550 0.6469050011080529
11600 0.6457978515039648
11650 0.6484739163879993
11700 0.6528696993970384
11750 0.6556336085581784
11800 0.6572646014458423
11850 0.6544966633309415
11900 0.6560117647184736
11950 0.656431410489459
12000 0.6551884684608775
12050 0.6538328148362047
12100 0.6541678310348488
12150 0.6543427951024452
12200 0.6539125108202184
12250 0.6540951362823931
12300 0.6560722830522282
12350 0.6525901134162522
12400 0.6516124101568158
12450 0.6490140377805858
12500 0.6472436176485262
12550 0.6503263091190705
12600 0.6543665188441403
12650 0.652585524137123
12700 0.6511579589852139
12750 0.6523232201441319
12800 0.6536035251133706
12850 0.654245417929458
12900 0.6562180544617418
12950 0.6564815116834802
13000 0.6547870670482315
13050 0.6540434548937335
13100 0.6515221510323448
13150 0.6552264857861186
13200 0.6585196907833816
13250 0.6615640997737778
13300 0.6604671767805645
13350 0.6586531621924033
13400 0.6573435676127335
13450 0.6565232604413004
13500 0.6563275619128057
13550 0.6589877351984728
13600 0.6605181024987884
13650 0.6585525602821316
13700 0.6591959836882444
13750 0.660570103676918
13800 0.6569529994222013
13850 0.6597444094395353
13900 0.6570520769417725
13950 0.6566905140613147
14000 0.6567897976381172
14050 0.6546361030652436
14100 0.6525470193295562
14150 0.6554706087496696
14200 0.6569564917746398
14250 0.6558477971644517
14300 0.656572363464095
14350 0.6577251923455955
14400 0.6577934373620089
14450 0.6610096338119952
14500 0.6605293442254307
14550 0.6611134623251052
14600 0.6622800580977242
14650 0.6628116565693692
14700 0.6633273052987255
14750 0.6626274857106104
14800 0.6610486615684456
14850 0.6628172007915597
14900 0.6637826845532362
14950 0.6630692035874857
15000 0.6614771279090146
15050 0.6627828135710652
15100 0.6635993290924077
15150 0.6637913497203145
15200 0.6639776079412447
15250 0.6620582786301238
15300 0.6670965315586804
15350 0.6677836355403944
15400 0.6689001259735037
15450 0.668183121622094
15500 0.6677876271151244
15550 0.6690539994460799
15600 0.6651823783182884
15650 0.6647269062534841
15700 0.6689350992804562
15750 0.6683670455867868
15800 0.6664660347913878
15850 0.6703220524601858
15900 0.6719623916016361
15950 0.6728035194959592
16000 0.6742194147693873
16050 0.6746928322547802
16100 0.6754520469295089
16150 0.6706384850924701
16200 0.6700193298244403
16250 0.6692687511456419
16300 0.6719906883251703
16350 0.6737309682476198
16400 0.6715190399154469
16450 0.6690734697193416
16500 0.6722512649125055
16550 0.6717337261068236
16600 0.6677817131792098
16650 0.6652982611401034
16700 0.6693393118753888
16750 0.669059131517769
16800 0.6692373561417244
16850 0.6683602368164586
16900 0.6699094305702717
16950 0.6702121460796009
17000 0.670205782197892
17050 0.6686996088750063
17100 0.668438619607398
17150 0.6650354612337528
17200 0.6630843981119959
17250 0.6623918657394826
17300 0.6624701104110283
17350 0.663596008529209
17400 0.6673881289170629
17450 0.6685164863370113
17500 0.6711109916038498
17550 0.6719776614981064
17600 0.67596833186774
17650 0.6738392824839123
17700 0.6752241048677019
17750 0.6726673827230288
17800 0.6721373621711705
17850 0.6704232415921377
17900 0.6713105439867458
17950 0.6700712275240923
18000 0.6705190907698951
18050 0.6699035173315426
18100 0.669906410524136
18150 0.6724592180653608
18200 0.6702854422386557
18250 0.6722268794006495
18300 0.6727600747352438
18350 0.6719272719209819
18400 0.6726194535487757
18450 0.6714908696562102
18500 0.6715961439241518
18550 0.6683982595349017
18600 0.6693463113912269
18650 0.67176592204949
18700 0.6748629436727496
18750 0.6783170542181579
18800 0.6765675427346644
18850 0.6766705166672011
18900 0.6776704023115943
18950 0.679240290814451
19000 0.6797130818754408
19050 0.6809216902774845
19100 0.6847940396406855
19150 0.6840502174501069
19200 0.6834787097821944
19250 0.682324347916524
19300 0.6774546169068236
19350 0.6800809779704654
19400 0.6800785488459282
19450 0.6833761912361411
19500 0.6825249046407501
19550 0.6816991584313601
19600 0.6832981841075728
19650 0.684549237511462
19700 0.6841127608867972
19750 0.6857893783462956
19800 0.6854656973535347
19850 0.6862017275773379
19900 0.6860156759645945
19950 0.6862852072592193
20000 0.6874466517566985
20050 0.686173251631793
20100 0.6891380530814811
20150 0.6885639102015764
20200 0.6898069934677337
20250 0.6881627833775994
20300 0.6844678998047459
20350 0.6844838628821291
20400 0.6835993479254977
20450 0.6801913672731561
20500 0.6831856253966545
20550 0.6799400562771271
20600 0.6803918543742365
20650 0.683380099672842
20700 0.6844786957528242
20750 0.682094335452444
20800 0.6835315059610754
20850 0.68462556164055
20900 0.6849367963648961
20950 0.6865886927600516
21000 0.6890910314050455
21050 0.6922682991754338
21100 0.6920502502716963
21150 0.6901887426204943
21200 0.6883830801988284
21250 0.6896315883650682
21300 0.6912926408571674
21350 0.6917038629189127
21400 0.6906027461730385
21450 0.6925346636447962
21500 0.691708622591043
21550 0.6898573637702606
21600 0.6900116426425762
21650 0.6909112942216058
21700 0.6910339551803809
21750 0.6914529360242905
21800 0.6899093475144084
21850 0.6903620683764364
21900 0.6896012051807341
21950 0.6899131686676843
22000 0.6930657723201934
22050 0.6935737985068574
22100 0.6942165855530097
22150 0.692890089059303
22200 0.6935533873888821
22250 0.6940467869116248
22300 0.693475383661904
22350 0.6920211233679816
22400 0.6888104908113514
22450 0.6915461752287039
22500 0.6907497888274335
22550 0.6899772940182013
22600 0.689677975412232
22650 0.6880376358637628
22700 0.6888465060010686
22750 0.6881311114647667
22800 0.6880371799804886
22850 0.6885460658685343
22900 0.688289684107055
22950 0.6890909945852014
23000 0.6877682641754408
23050 0.6900852158210241
23100 0.6893326582019842
23150 0.693252678241348
23200 0.6963050966066472
23250 0.6953659425640385
23300 0.6967049645732197
23350 0.6948538171380602
23400 0.6939582032676486
23450 0.6953394574557215
23500 0.6951792736605242
23550 0.6957738946639271
23600 0.6947006786107907
23650 0.6947096598260296
23700 0.6920183706034533
23750 0.6919578194138242
23800 0.6930990854036141
23850 0.6910561128415057
23900 0.6889244295993117
23950 0.6877566959960766
24000 0.690223996332129
24050 0.6920172764421653
24100 0.6912067587926305
24150 0.6913205558142749
24200 0.6896309388537444
24250 0.6921920099728763
24300 0.6919762497452157
24350 0.6925169633972684
24400 0.6934914552106062
24450 0.6908367121264926
24500 0.6950116102620187
24550 0.6947112620256838
24600 0.6950199236642343
24650 0.6962193263834607
24700 0.6945327479509428
24750 0.6934967662991958
24800 0.6956418628810664
24850 0.6959226082820948
24900 0.6954449302482087
24950 0.6961815831990694
25000 0.6964461352024183
25050 0.6971527520046527
25100 0.6969381693729876
25150 0.6956800234334911
25200 0.6961096238748956
25250 0.6944263347294953
25300 0.695643545116764
25350 0.6942742380480054
25400 0.6966960101913094
25450 0.6972451308869282
25500 0.6961277777471017
25550 0.6948939453445211
25600 0.6932471265550321
25650 0.6923997116139718
25700 0.6944277199794503
25750 0.6984948878793877
25800 0.699140042101313
25850 0.6987158409097992
25900 0.7008543651103006
25950 0.7017287347291963
26000 0.7039268719720646
26050 0.7038090654552749
26100 0.7018947930624633
26150 0.702737949842794
26200 0.7008558109183568
26250 0.6991801360186015
26300 0.7010047316519411
26350 0.7005245897739085
26400 0.7026088515084866
26450 0.7049305851049251
26500 0.7019326681239819
26550 0.7021746874365322
26600 0.6998594468134363
26650 0.6976136634090332
26700 0.6969352538643901
26750 0.6964271964630352
26800 0.6953343813559255
26850 0.6968243500582989
26900 0.6952696189843454
26950 0.6981115292704058
27000 0.6989181841075494
27050 0.6985006386558484
27100 0.6995956199253265
27150 0.7003577520428225
27200 0.7001970210551004
27250 0.7000411102088707
27300 0.7018398766165023
27350 0.703434680174956
27400 0.7039316406280143
27450 0.7057636909800203
27500 0.7010907806082476
27550 0.7018080561171165
27600 0.7047538130030915
27650 0.7016111993282544
27700 0.7039628642782393
27750 0.7033939784214177
27800 0.7046421592118264
27850 0.7052528951507273
27900 0.7053953094406147
27950 0.705533449513666
28000 0.704167445026898
28050 0.7059924212469376
28100 0.7058126482519017
28150 0.7053382687328191
28200 0.7074281199555787
28250 0.7073552758562325
28300 0.7047346177235967
28350 0.7047425786912098
28400 0.7064003010443712
28450 0.7083082914408355
28500 0.7094090428406616
28550 0.7097267724137487
28600 0.711084969098285
28650 0.7109024195246574
28700 0.7108753480833269
28750 0.7085990873547248
28800 0.7105911140188272
28850 0.7140233820287739
28900 0.714352679495027
28950 0.7130220996108553
29000 0.7115814372662598
29050 0.7110839939336953
29100 0.7109014754031447
29150 0.7143244307834226
29200 0.7138946975022921
29250 0.7151278564341721
29300 0.7191740214564026
29350 0.7199488009557617
29400 0.7174003366409867
29450 0.7182283266848083
29500 0.7188814771703664
29550 0.7196650329983066
29600 0.7169750818653063
29650 0.7166158306968075
29700 0.717767355632852
29750 0.7197843339625084
29800 0.718440804301261
29850 0.7187875789562884
29900 0.7188239524459067
29950 0.721259232442018
30000 0.7191214547535018
30050 0.7164478109678456
30100 0.7141543762096568
30150 0.7185297453525206
30200 0.7179738526343171
30250 0.7168346372698644
30300 0.7176795982948196
30350 0.7184992104890262
30400 0.7173442343889321
30450 0.7127739072857386
30500 0.7128406910685245
30550 0.712755471480878
30600 0.7171728077656051
30650 0.7178576238187393
30700 0.7194218945319725
30750 0.7165892376960133
30800 0.7142915601359795
30850 0.7128128121874909
30900 0.714078427678815
30950 0.7127560735609902
31000 0.7147733922839931
31050 0.7135801908731012
31100 0.7140727857191128
31150 0.7121506014322837
31200 0.7089360821733804
31250 0.709268000566486
31300 0.7100399609786449
31350 0.7097387617916577
31400 0.7085465976504476
31450 0.708590199077204
31500 0.7104324925326833
31550 0.7098195176851773
31600 0.7101249330129289
31650 0.7098211846649132
31700 0.709526548767338
31750 0.7125407523758434
31800 0.7103645293754146
31850 0.7087035926358454
31900 0.7105424842845653
31950 0.709776209827554
32000 0.7097829228889971
32050 0.7114394347731737
32100 0.7128962514438761
32150 0.7140093639005598
32200 0.7140390821967616
32250 0.7124179087295006
32300 0.7144453706093087
32350 0.7165620084896713
32400 0.7147151473766744
32450 0.7136736931699509
32500 0.7128134806582386
32550 0.7149790752371333
32600 0.7107797026223914
32650 0.7062563116152453
32700 0.7042686218376345
32750 0.7045905641838636
32800 0.7016028478305523
32850 0.7011047624671614
32900 0.7022716198792489
32950 0.7043034724988062
33000 0.7053743686099444
33050 0.7052131371940182
33100 0.705206744365658
33150 0.706850541748586
33200 0.7076950259252819
33250 0.7056641747183701
33300 0.7050442477602051
33350 0.7047429219009617
33400 0.7044506340293561
33450 0.7058171150084755
33500 0.7044426005568631
33550 0.7038593226116828
33600 0.7053935427902811
33650 0.7065817366496239
33700 0.706984285408442
33750 0.7087247564170353
33800 0.7099630137245241
33850 0.7101141243141464
33900 0.7102607015860801
33950 0.7123528796801908
34000 0.7116822932182595
34050 0.7086318248508652
34100 0.709122870820595
34150 0.7110991839807214
34200 0.7101662086758764
34250 0.7101612235600093
34300 0.7107563874254137
34350 0.7110336966609582
34400 0.7080026861902828
34450 0.7076126053899977
34500 0.7064842277289768
34550 0.7020897009686331
34600 0.7035270099395741
34650 0.7059711986400288
34700 0.7056420642543906
34750 0.7053228039003215
34800 0.7090631192826329
34850 0.7083412257756795
34900 0.705990988859358
34950 0.7046112581922191
35000 0.7064229200172991
35050 0.7053302311293198
35100 0.7062203246245937
35150 0.7069337154580605
35200 0.706575703779742
35250 0.7086284319510939
35300 0.7073195796362913
35350 0.7082999925333049
35400 0.7050509916844222
35450 0.7029494616477873
35500 0.7052609769400467
35550 0.7085531457721804
35600 0.707096550397657
35650 0.705833652741318
35700 0.707608642729925
35750 0.7073803848785387
35800 0.7083589736182849
35850 0.7091582048388899
35900 0.707833457549314
35950 0.7101484528214765
36000 0.7108939996659858
36050 0.7111671805343132
36100 0.7117321656904884
36150 0.7130302005767225
36200 0.7133892952746766
36250 0.7137376153435527
36300 0.7139254877415531
36350 0.7150077231093064
36400 0.7133574904146691
36450 0.7171567667035871
36500 0.7145420635594284
36550 0.7177058032262082
36600 0.7212246284856918
36650 0.7183378896311211
36700 0.717337753013713
36750 0.7175676211385574
36800 0.7146405926474518
36850 0.714951375583284
36900 0.7160028343157856
36950 0.7117727489286841
37000 0.7117195658170934
37050 0.7119679797008875
37100 0.7132589401668097
37150 0.7128611716041776
37200 0.7136753367421547
37250 0.7125150752093785
37300 0.7118396228815717
37350 0.7108844344097013
37400 0.7087579009482569
37450 0.7116451641343858
37500 0.7126458093534055
37550 0.7131664338568685
37600 0.7136714414133671
37650 0.7107112984570685
37700 0.7075399600755611
37750 0.7056637607010897
37800 0.7071438477370058
37850 0.7088795318757422
37900 0.7048631473499813
37950 0.7077172514989705
38000 0.7064357328095922
38050 0.7084926601100486
38100 0.706137880163696
38150 0.7035537439018363
38200 0.7047971317278324
38250 0.704203217847523
38300 0.706927120024637
38350 0.7067193078544094
38400 0.7059177288333539
38450 0.7082901959669953
38500 0.7107414889435762
38550 0.7141692457057804
38600 0.7137441679769793
38650 0.7149818427946187
38700 0.7137823878684081
38750 0.7111189162323559
38800 0.711535349460641
38850 0.7143392874032591
38900 0.7133091089957381
38950 0.7154598347245079
39000 0.7158960402549773
39050 0.7140691581890212
39100 0.7143970841586063
39150 0.715465171633848
39200 0.7180012168424604
39250 0.7177611796934564
39300 0.7191783438734992
39350 0.7219029936288198
39400 0.7222959042491087
39450 0.7208770274792634
39500 0.7205507177992947
39550 0.7209841966944693
39600 0.7202046705790586
39650 0.7207985307477891
39700 0.7189745738239973
39750 0.7179553348926636
39800 0.7192166745597813
39850 0.7187901756104482
39900 0.7186764713434929
39950 0.7187161762733556
40000 0.7199546906990526
40050 0.7199560508363879
40100 0.7205573695973986
40150 0.7223406476511697
40200 0.7222704290799415
40250 0.7231023162075434
40300 0.7246592460060614
40350 0.725869468196726
40400 0.7268933838647219
40450 0.7266865832070871
40500 0.7257359872844371
40550 0.7254139068791227
40600 0.7245014894581723
40650 0.726316443773069
40700 0.7252269503883514
40750 0.7243201416621242
40800 0.7252405372692093
40850 0.7228333223670678
40900 0.7228983234113115
40950 0.720111373565921
41000 0.7181580315006366
41050 0.7170132907701943
41100 0.7159028922616651
41150 0.7146758058514431
41200 0.7139355316043743
41250 0.7148674657992943
41300 0.7171214406809062
41350 0.7203577971028511
41400 0.718997061759254
41450 0.7206771491912206
41500 0.7203568358598932
41550 0.7233461287813804
41600 0.7232457439881065
41650 0.7231483725267702
41700 0.7236539216370694
41750 0.7202443044171108
41800 0.7218869745693417
41850 0.7194303649031081
41900 0.7239474540990659
41950 0.7247290304760938
42000 0.7256371594187598
42050 0.7272680455660295
42100 0.7261500041275231
42150 0.725815503216916
42200 0.7284910380488829
42250 0.7297363063352118
42300 0.7282442173597322
42350 0.7279968899091077
42400 0.7279069839270903
42450 0.726769774337752
42500 0.7249166817513496
42550 0.722969180297451
42600 0.7192801056037833
42650 0.7221517023641442
42700 0.7208871515077966
42750 0.7238605367479859
42800 0.7244947207885976
42850 0.7239098804524
42900 0.7237925848971349
42950 0.7251788067780163
43000 0.7232234415733177
43050 0.7220767383976439
43100 0.7218644372470726
43150 0.7236085032713535
43200 0.7239502486023663
43250 0.7251817407151419
43300 0.7283262879930086
43350 0.7286764996393207
43400 0.7294662045070899
43450 0.7305322197308631
43500 0.732616253496565
43550 0.728487766749975
43600 0.7271831356071407
43650 0.725917641610452
43700 0.726190112791292
43750 0.7251044093360277
43800 0.7261512767698446
43850 0.725066740183363
43900 0.7264147374056575
43950 0.724572295927218
44000 0.727135127120927
44050 0.7291710738079782
44100 0.7309959404493297
44150 0.7291660627365288
44200 0.7282910822849444
44250 0.7265423485289357
44300 0.7249960784306956
44350 0.7239461960062492
44400 0.7265278101975873
44450 0.7266319764638642
44500 0.7277830167407948
44550 0.7261995265961989
44600 0.7279635397969549
44650 0.7286246336030462
44700 0.724315895739364
44750 0.7241864179373505
44800 0.7240608244693975
44850 0.7242390003075202
44900 0.7242618310135504
44950 0.7212839760831439
45000 0.7255954570867518
45050 0.7263275933741493
45100 0.7238877650007203
45150 0.7233211333381591
45200 0.7209714987658098
45250 0.717642354231989
45300 0.7174130847494385
45350 0.7152406916347508
45400 0.7156834714579129
45450 0.7149129654545106
45500 0.7188155755610428
45550 0.7211011087948906
45600 0.7225680749588393
45650 0.7209910314226138
45700 0.7217113006229866
45750 0.7210599612466692
45800 0.718328162266218
45850 0.7162783166829757
45900 0.7135399671824865
45950 0.7153837674517561
46000 0.7113222539275245
46050 0.7139825866673265
46100 0.7116131087812044
46150 0.712014716233024
46200 0.7128542750321356
46250 0.7099186470672738
46300 0.7097710871545766
46350 0.7108279546829905
46400 0.7096031147550405
46450 0.7127650212408636
46500 0.7143320701744842
46550 0.715102108355352
46600 0.7179490433880777
46650 0.7178605730877935
46700 0.7156747553229551
46750 0.7162545130924199
46800 0.7147168783433775
46850 0.7136753704195135
46900 0.711165109163877
46950 0.7085801558889607
47000 0.707422751712971
47050 0.7081000697337865
47100 0.7051570680709264
47150 0.7038023550274405
47200 0.7035382859501799
47250 0.7049321373716744
47300 0.7062841732505241
47350 0.7051956485536873
47400 0.7047397790255512
47450 0.7032475847964779
47500 0.698800155679021
47550 0.7009361522245852
47600 0.6992580670856431
47650 0.7000303257883296
47700 0.7051294161577308
47750 0.7024255339591012
47800 0.7064027690847374
47850 0.7054606845816838
47900 0.706046864759489
47950 0.705265459031281
48000 0.7057074961186495
48050 0.7056862707344109
48100 0.7050656826839042
48150 0.7044637122749128
48200 0.7071798014073445
48250 0.7101144057915615
48300 0.7071109740469681
48350 0.7086976445394567
48400 0.7084367166337845
48450 0.7083336164222312
48500 0.7067336070712574
48550 0.7057815992167477
48600 0.7045581518839754
48650 0.7009714084718653
48700 0.701842266789914
48750 0.7037369983570632
48800 0.7021248876910956
48850 0.7011611397729024
48900 0.7057763061519199
48950 0.7083030158229531
49000 0.7097039252052133
49050 0.7098628084504149
49100 0.7101669250552094
49150 0.7079119170174508
49200 0.7060245589347227
49250 0.7035938221666811
49300 0.7054360070725272
49350 0.7040729276471327
49400 0.7042507409621279
49450 0.7048732194485199
49500 0.7062270228650642
49550 0.7042402117499589
49600 0.7053130056835625
49650 0.7048536136533906
49700 0.7066580048146354
49750 0.7085582640979917
49800 0.7065015157458986
49850 0.7082564698443682
49900 0.7074087741754744
49950 0.7071865105925824
50000 0.7102709153463305
