0 0.2850000262260437
50 0.2884500256180763
100 0.2878965251713991
150 0.29125962870100136
200 0.29392183969692015
250 0.2989041838622824
300 0.3020870592762464
350 0.3027744471403312
400 0.30119121372612123
450 0.3050554775289143
500 0.307753813524912
550 0.3118711989045879
600 0.3169150626155852
650 0.3233076098788108
700 0.327408381832786
750 0.33228613066390467
800 0.33821754588568065
850 0.34547102079657055
900 0.35040688988657115
950 0.35549468261776945
1000 0.36102984099482716
1050 0.35889894551464285
1100 0.3638819764339479
1150 0.3702155167833016
1200 0.37365905170895597
1250 0.37969928158819877
1300 0.3854083029259761
1350 0.3895960531229411
1400 0.3947081698126391
1450 0.39396692486131113
1500 0.3950479173300485
1550 0.4011964805254028
1600 0.40386058550167336
1650 0.4091447674359442
1700 0.4100704243413403
1750 0.4165183116111001
1800 0.4196227616905625
1850 0.42233407855374333
1900 0.42751405705543793
1950 0.43448863434241675
2000 0.442153977028758
2050 0.4444893571456907
2100 0.44600467657437115
2150 0.4488245351327308
2200 0.45005979936485113
2250 0.4544080062422125
2300 0.4569757666986763
2350 0.45976649405534387
2400 0.4630734990191068
2450 0.46118129422734755
2500 0.4648958565449363
2550 0.47269898156384393
2600 0.47456801111557056
2650 0.4775809704244756
2700 0.48095354052496003
2750 0.4833249343807368
2800 0.4883251874221983
2850 0.48612543154919285
2900 0.49209166867424264
2950 0.498178920187578
3000 0.5022835522958483
3050 0.5022150457269728
3100 0.5061985940690614
3150 0.5060126362469896
3200 0.5110822575172077
3250 0.5119497904354217
3300 0.5136912965077823
3350 0.5138805570403443
3400 0.5187141406867618
3450 0.5213027170383635
3500 0.5259136358848405
3550 0.5270862267367697
3600 0.5330236406499225
3650 0.5368329304290668
3700 0.5376779424446692
3750 0.543147605029636
3800 0.5474031769502725
3850 0.5525810825000712
3900 0.5552036495959157
3950 0.5566975406802429
4000 0.5624966144598356
4050 0.5613717153107848
4100 0.5628305642806147
4150 0.5669456487827078
4200 0.56823727974838
4250 0.5706901606406729
4300 0.5711194569658619
4350 0.5713858745443463
4400 0.5689442985941182
4450 0.5715259705661272
4500 0.571180191520669
4550 0.5690447857750489
4600 0.568773442273323
4650 0.5697102397203792
4700 0.5739189318850376
4750 0.5738013637139098
4800 0.5792373226594413
4850 0.5798602036949138
4900 0.5810643977271175
4950 0.5811824651515738
5000 0.58204699162618
5050 0.5879855810190877
5100 0.5922460141607198
5150 0.5959286347372562
5200 0.59530077712565
5250 0.5975417525244201
5300 0.5992654990903806
5350 0.5967375336885158
5400 0.5972854079639627
5450 0.5976668461541973
5500 0.5998368412702504
5550 0.6031417371765521
5600 0.6060474847036277
5650 0.6123160600909933
5700 0.6138965771438543
5750 0.6151296807593711
5800 0.6166257891921808
5850 0.6159770163747222
5900 0.6165477055973784
5950 0.6142512750731872
6000 0.6196737355335312
6050 0.6210335241112555
6100 0.6198025178872388
6150 0.6216084425651984
6200 0.6203601905757028
6250 0.6198993854306363
6300 0.617802404225345
6350 0.6181683319555336
6400 0.6159732807094073
6450 0.6160940824311762
6500 0.6141112603158688
6550 0.6187879219341882
6600 0.6200242832748044
6650 0.6231735554918161
6700 0.6229283491131639
6750 0.6222404993550247
6800 0.6197732832299648
6850 0.6199300847330659
6900 0.6170821814758182
6950 0.6195697156739158
7000 0.6219826256342098
7050 0.6211731477234904
7100 0.6215879530056835
7150 0.620640315416871
7200 0.6233211070987741
7250 0.6284714743864899
7300 0.6304673299403185
7350 0.6283533101136345
7400 0.6284027106671743
7450 0.63070062884648
7500 0.6309796095519322
7550 0.6329002228389369
7600 0.6362632162968199
7650 0.6389253205231711
7700 0.6386575607644248
7750 0.6379478342275944
7800 0.6366593982709341
7850 0.6385596159651783
7900 0.6359028278438508
7950 0.6388757434376887
8000 0.6423594709915068
8050 0.6436386869332872
8100 0.6405295269690188
8150 0.6406636405877436
8200 0.640643730940958
8250 0.6400244191557803
8300 0.6418236880116184
8350 0.6402689783726279
8400 0.6446109098082304
8450 0.6476225826570348
8500 0.6451439051057981
8550 0.6479895882387265
8600 0.6471499007346159
8650 0.6457354044278332
8700 0.6458633415797425
8750 0.6459874424052338
8800 0.6494078188469744
8850 0.651675584996821
8900 0.6528253173753908
8950 0.6548405569242967
9000 0.6557453402880934
9050 0.6542229806516552
9100 0.6494462913751566
9150 0.6527629023477995
9200 0.652530014705161
9250 0.6506541152653642
9300 0.6530344923796079
9350 0.6553434581804243
9400 0.6580331545780628
9450 0.6612421595115674
9500 0.6597048951553738
9550 0.6580637488729172
9600 0.657821835691474
9650 0.6592371801200507
9700 0.6579100650025516
9750 0.6587227631240006
9800 0.6550110810170618
9850 0.6580107484434988
9900 0.6565704264193473
9950 0.6566733144135481
10000 0.6594731149811417
10050 0.6606889211740796
10100 0.6596182535388573
10150 0.6596297049313334
10200 0.6620408140694958
10250 0.6625795898619876
10300 0.6622022014508723
10350 0.6603361361226019
10400 0.6631760518958726
10450 0.6633807708396755
10500 0.6616293482866898
10550 0.6641304679811404
10600 0.6643065544423852
10650 0.6680773566647045
10700 0.6670850356786611
10750 0.6716724843937245
10800 0.6734223104341174
10850 0.669419641764824
10900 0.6713870529410328
10950 0.6765954422111087
11000 0.67444757951698
11050 0.6737141532043542
11100 0.6713527294665305
11150 0.6740121472964322
11200 0.6791417837358461
11250 0.6800675313681799
11300 0.6769155068576459
11350 0.6737080414373399
11400 0.6728467996220151
11450 0.6751613956333546
11500 0.6738065536213029
11550 0.6762423568696126
11600 0.6733550856628453
11650 0.6762544343088948
11700 0.6763668014942047
11750 0.6772257969486994
11800 0.6780590225395595
11850 0.6779672522210006
11900 0.6742782348689473
11950 0.6748998893964415
12000 0.6767028931437018
12050 0.6775518058487118
12100 0.6780752514586738
12150 0.6772329931996579
12200 0.6797160031175659
12250 0.6819745228809877
12300 0.6811652863362513
12350 0.682930328032266
12400 0.6826924185489259
12450 0.6838116468507651
12500 0.6863972968730375
12550 0.685005377537693
12600 0.6835052159254599
12650 0.6862500587324403
12700 0.6853125579002995
12750 0.6890531812348161
12800 0.6899815866560784
12850 0.689082138055038
12900 0.6906096741994893
12950 0.6907413855470672
13000 0.6887691439806553
13050 0.6856560690175054
13100 0.6857863868754547
13150 0.6851627941247818
13200 0.6881579092996802
13250 0.6894131725928945
13300 0.6894307773435822
13350 0.6889978543809026
13400 0.6897779197508336
13450 0.6887345813000018
13500 0.6877225430026949
13550 0.6864408661404094
13600 0.6826476402277227
13650 0.6840682115930957
13700 0.6863461649592005
13750 0.686455779938899
13800 0.6874621073990389
13850 0.6822882437479143
13900 0.682819596077849
13950 0.6857350073372066
14000 0.6885629562587835
14050 0.6874060668557643
14100 0.689733884420938
14150 0.6894418681028865
14200 0.6906586126320046
14250 0.6925888541099933
14300 0.6905611884866935
14350 0.6879943534042973
14400 0.6849045221584382
14450 0.6847573884964011
14500 0.6871646664123556
14550 0.6869497266345617
14600 0.6843412355507805
14650 0.6852609994856151
14700 0.6800031692149444
14750 0.6830030732801892
14800 0.6788629797943232
14850 0.679497091831005
14900 0.6837121788614982
14950 0.685850813352602
15000 0.684025288952024
15050 0.6813545311417701
15100 0.6838638947783635
15150 0.6790979772197568
15200 0.6809250381892665
15250 0.679847286471384
15300 0.6828518670189356
15350 0.6829163092917537
15400 0.6847788201560523
15450 0.6880854542639104
15500 0.6843928905644676
15550 0.6839611025600733
15600 0.6830922686249642
15650 0.6859994997079084
15700 0.6865695160041315
15750 0.6847224305240076
15800 0.6859307583235431
15850 0.6874028360029903
15900 0.6873307509944262
15950 0.6887608288937469
16000 0.6857980050282925
16050 0.6886240640191368
16100 0.6871653416694092
16150 0.6806503822776339
16200 0.6765808713099839
16250 0.6760834441693263
16300 0.6754509417740789
16350 0.6743874130917031
16400 0.6765057908420032
16450 0.6784106174028455
16500 0.6790582985231323
16550 0.6769865499965918
16600 0.6721269530675407
16650 0.6732631456199236
16700 0.676465250393019
16750 0.678071293453433
16800 0.6799291549359323
16850 0.6794812791434451
16900 0.6809968413413464
16950 0.6827669363872083
17000 0.6853839277233874
17050 0.6856724096771091
17100 0.687452237529847
17150 0.6876786719775142
17200 0.6886483108883563
17250 0.687338860989501
17300 0.684418696161174
17350 0.6809861350617621
17400 0.6827565512960115
17450 0.6828238548286568
17500 0.6837891401851551
17550 0.6823254656934982
17600 0.6839057021518468
17650 0.6879885308727146
17700 0.6902988745173797
17750 0.6908899076381281
17800 0.6917632094791517
17850 0.6906603123364703
17900 0.6910905042538366
17950 0.6909077891977471
18000 0.6883305560940193
18050 0.6889806387674685
18100 0.6884112201051235
18150 0.6898088839311233
18200 0.6896646174847152
18250 0.6857746808198386
18300 0.6827514397515133
18350 0.6822188954145587
18400 0.6850023296250056
18450 0.6896522607376135
18500 0.6931126931300619
18550 0.6901693114063275
18600 0.6901642319926122
18650 0.6895593037453734
18700 0.6876225246330122
18750 0.6900938483218172
18800 0.6876910333013161
18850 0.6877603022307511
18900 0.6852774937360332
18950 0.6830191693531057
19000 0.6806785948447172
19050 0.6793082367132733
19100 0.6788789902556053
19150 0.6813126202618348
19200 0.6829232420831333
19250 0.6808855451067416
19300 0.6828089788965905
19350 0.6815247091005394
19400 0.6822289673268442
19450 0.6814120992368714
19500 0.6795697364028165
19550 0.6758326445253087
19600 0.6762576651180239
19650 0.6739699358797389
19700 0.674900839090807
19750 0.6752038139896084
19800 0.6745977004997527
19850 0.6743097701284902
19900 0.6734304782405703
19950 0.673177562748944
20000 0.6705322352227455
20050 0.664816267844198
20100 0.6613717783783606
20150 0.6569806245978563
20200 0.6515212056811067
20250 0.6454755691530456
20300 0.6381113022572682
20350 0.6335179636187036
20400 0.6311624249247192
20450 0.6276775517478241
20500 0.6224972246947104
20550 0.6170223069882738
20600 0.6109616384223556
20650 0.6065827893769734
20700 0.6029353052307479
20750 0.6047972467175556
20800 0.6033033295306057
20850 0.6003542295016364
20900 0.5940436021874339
20950 0.5966222943363877
21000 0.5908736255420589
21050 0.5818474174195274
21100 0.5780419943962626
21150 0.571500734993528
21200 0.5704057119423642
21250 0.5652935407629073
21300 0.5613847346115456
21350 0.5578931923586224
21400 0.5533063957295569
21450 0.5514072041437724
21500 0.5456649884486127
21550 0.5414450388309171
21600 0.5397516880951431
21650 0.5357091383821212
21700 0.5317878642664203
21750 0.5318842273370697
21800 0.5315276999447531
21850 0.5260818687675967
21900 0.5212494129906711
21950 0.5200119302790858
22000 0.5159615720846109
22050 0.5124827251008865
22100 0.5080582436339622
22150 0.506766495538162
22200 0.5041635002786266
22250 0.5029885953775561
22300 0.5022989371943644
22350 0.5004299690070079
22400 0.5002670700798488
22450 0.49680905769135103
22500 0.4937547853884059
22550 0.49784214168370255
22600 0.4949068767179357
22650 0.49295967063097434
22700 0.4904708804047567
22750 0.4885067543502419
22800 0.48420155168397183
22850 0.48242550549108054
22900 0.47920274032634813
22950 0.47952665840265996
23000 0.4742908588651569
23050 0.47386213334954164
23100 0.4707462694921066
23150 0.46802388126429223
23200 0.4706331650409402
23250 0.4707641699108981
23300 0.47059124402678987
23350 0.46517350645564665
23400 0.4653183012262145
23450 0.4600587528331582
23500 0.4563069896044333
23550 0.4543177794871468
23600 0.4529882468893137
23650 0.45304859898195526
23700 0.45085714086944545
23750 0.4478314273586178
23800 0.44384648446633373
23850 0.44628108921708803
23900 0.4453426562902359
23950 0.4466823768876311
24000 0.4473819055452394
24050 0.44341044830735665
24100 0.44300813507271264
24150 0.43931789080595457
24200 0.44053835375991085
24250 0.4426222028610112
24300 0.44209353713280874
24350 0.4463807303750943
24400 0.44498930864265535
24450 0.4466396293833757
24500 0.44644044043034886
24550 0.44474722768235464
24600 0.4429548105657817
24650 0.44001616621304546
24700 0.438815681405468
24750 0.43570121121364347
24800 0.4356801749487597
24850 0.4364097699506364
24900 0.43681747649448943
24950 0.4358629522354175
25000 0.4349370637041177
25050 0.43133895172146863
25100 0.4312987824903316
25150 0.4296098190156217
25200 0.4284215240159996
25250 0.42981887811670566
25300 0.42637431170167894
25350 0.42348308184994954
25400 0.4193285892871627
25450 0.41979873168007337
25500 0.4153047691574666
25550 0.41124562522443575
25600 0.4103082563246515
25650 0.40639900867067474
25700 0.4027570391973358
25750 0.404024327806839
25800 0.40585359807992216
25850 0.40492799013752445
25900 0.4047801506122126
25950 0.4056867461653718
26000 0.40596614353007116
26050 0.40743715961755966
26100 0.4043640450436096
26150 0.408583122404841
26200 0.4063756280889656
26250 0.40858435892443157
26300 0.4108768276917824
26350 0.4093505232901824
26400 0.40802000698350954
26450 0.4074794063448508
26500 0.4035050243333192
26550 0.4044498736748452
26600 0.40296637714273476
26650 0.4006273854708249
26700 0.40000856376364896
26750 0.4009083070653162
26800 0.3995310575314916
26850 0.4013451251618167
26900 0.3993547716573017
26950 0.39862412850758266
27000 0.39821540526032256
27050 0.39706894353166633
27100 0.39475687501113965
27150 0.39191416911843335
27200 0.3909567435799641
27250 0.39197804163019306
27300 0.39041870048857563
27350 0.3895061399030718
27400 0.3886209552410634
27450 0.38836232644078034
27500 0.38946145700518475
27550 0.38947761286587573
27600 0.38619328451566226
27650 0.3878074859086668
27700 0.3845732613671696
27750 0.38308606288242436
27800 0.38209348081713773
27850 0.3787306767144887
27900 0.3792187558408494
27950 0.3801421930583356
28000 0.3777379276242134
28050 0.37495578968819865
28100 0.37450711642670614
28150 0.37392190261203984
28200 0.3757542456052042
28250 0.3752816186662015
28300 0.37227317028502943
28350 0.37115497453274837
28400 0.3711203254398171
28450 0.3682367149613669
28500 0.36963961415625607
28550 0.36830042537394053
28600 0.3683514127557735
28650 0.36705087001547243
28700 0.3680393431997525
28750 0.3656981626534204
28800 0.3652272184890736
28850 0.3655204019344014
28900 0.36745479009094606
28950 0.3664811457444875
29000 0.3709367109429994
29050 0.37210860950742103
29100 0.3705453510076217
29150 0.3690289902628163
29200 0.3687581209840853
29250 0.3696953775333766
29300 0.3685045157066963
29350 0.37229938037854654
29400 0.3719303993963436
29450 0.37367248762903
29500 0.3738623128571079
29550 0.3755464436859714
29600 0.3728300493740342
29650 0.37004514792857596
29700 0.3692937934549559
29750 0.36886498022351183
29800 0.3661990308525693
29850 0.37051305964088993
29900 0.37109766742250977
29950 0.37076473782898794
30000 0.36834179633784847
30050 0.3662915428053409
30100 0.3664027966642318
30150 0.36651071290735604
30200 0.36391539155589814
30250 0.3616979295588817
30300 0.36104699177940364
30350 0.36221558220483546
30400 0.36364911463140204
30450 0.36353964072754374
30500 0.3610334515414802
30550 0.3632524480667614
30600 0.36150487483933524
30650 0.362059728451104
30700 0.3643979365260453
30750 0.3639659991455197
30800 0.36039701931420526
30850 0.3588851088063047
30900 0.36056855529177606
30950 0.3581514986687856
31000 0.35895695342261974
31050 0.35928824496299233
31100 0.35690959764986535
31150 0.3589523100779972
31200 0.3591337410617596
31250 0.3579597286153301
31300 0.3571209362561911
31350 0.3605073081327426
31400 0.35899208896028595
31450 0.3594723262914774
31500 0.3594881569318865
31550 0.35875351247426945
31600 0.3583409070642786
31650 0.36049068006692697
31700 0.36197595866356114
31750 0.35996668040433333
31800 0.3590676794915243
31850 0.3617956487491507
31900 0.3605417790720995
31950 0.35917552562841093
32000 0.3608502605032888
32050 0.3605247525093762
32100 0.35720900993409493
32150 0.3578927394930209
32200 0.35390595712941636
32250 0.35618877863011056
32300 0.3534531157361235
32350 0.3516995227647188
32400 0.3510485365810982
32450 0.3516170806267164
32500 0.3503685682794405
32550 0.3518575114098712
32600 0.35030178642520293
32650 0.3496927323317678
32700 0.3500019507909682
32750 0.34910189205266245
32800 0.35077883532684534
32850 0.35090547083924456
32900 0.35312830707169507
32950 0.3536344580025954
33000 0.3541254244055687
33050 0.3543016621025551
33100 0.3501226123467668
33150 0.3534189342267033
33200 0.351216366235665
33250 0.35357987546317177
33300 0.35497247848402086
33350 0.35617330355729565
33400 0.35388810448633956
33450 0.3533214607080192
33500 0.35757181702982976
33550 0.35704466262622325
33600 0.35743332289048774
33650 0.35901032399055444
33700 0.3587400140920239
33750 0.3596778132401097
33800 0.35773747934358546
33850 0.35675535460565005
33900 0.35670269364561547
33950 0.3554516127647214
34000 0.35423806431025423
34050 0.3556109225597605
34100 0.3593425954551723
34150 0.35921231816372173
34200 0.3598359493698286
34250 0.35834087096025935
34300 0.35569064515331666
34350 0.3547699254410893
34400 0.3526768275705683
34450 0.3539465230653163
34500 0.3526281274448824
34550 0.35119928383611265
34600 0.35326330492763863
34650 0.3509154059586234
34700 0.3493879441374926
34750 0.3467063055272655
34800 0.3477051162183964
34850 0.34927396291065843
34900 0.34689574434520376
34950 0.34683887197908486
35000 0.3476837058197123
35050 0.35000319410867914
35100 0.3527030982138932
35150 0.3505220053032392
35200 0.35065634571634663
35250 0.34868665523756787
35300 0.35322605558044085
35350 0.34997927405607876
35400 0.3486298960489731
35450 0.34867099898869
35500 0.34886086959123386
35550 0.3496450435034968
35600 0.3483056924129686
35650 0.34745652142600286
35700 0.34543282581898554
35750 0.343919841545095
35800 0.3405022464239119
35850 0.34123717931729686
35900 0.3404500638662524
35950 0.34193656152111135
36000 0.342928464675478
36050 0.34284061084250206
36100 0.34110539240993865
36150 0.3422722304945893
36200 0.3414540635082261
36250 0.3423104417460305
36300 0.3441911276353427
36350 0.34541539352018014
36400 0.34390293221525375
36450 0.3451358439626938
36500 0.34378176900144086
36550 0.34396831575258374
36600 0.34549926660187136
36650 0.3453342887111036
36700 0.34622426004977047
36750 0.3448375326059052
36800 0.34499240644891416
36850 0.34649263457731183
36900 0.34329785582609473
36950 0.34274891979368405
37000 0.3396664524859758
37050 0.33772645819614083
37100 0.335694663878052
37150 0.3391238236040826
37200 0.3418501091105368
37250 0.3410446057656952
37300 0.3405632672350965
37350 0.3414463693610948
37400 0.3399029780299225
37450 0.3378058881168202
37500 0.3389217114733156
37550 0.33835405991453943
37600 0.3393034382601544
37650 0.3384243351838754
37700 0.3356216052714103
37750 0.33575295632648666
37800 0.3343803673863526
37850 0.33649895640052474
37900 0.33720398724359274
37950 0.3387878671971315
38000 0.34002423103816637
38050 0.34152350367786793
38100 0.3432777987463458
38150 0.3431794648912438
38200 0.34683408015772516
38250 0.34692905757417947
38300 0.3456711860615308
38350 0.3494010504439221
38400 0.3462690190736556
38450 0.3468309487875482
38500 0.3473760206100241
38550 0.34775474042087684
38600 0.3506720979936738
38650 0.35005193455318456
38700 0.34840037701726806
38750 0.34799836595708955
38800 0.3476084143346467
38850 0.346330162119184
38900 0.3482402571483201
38950 0.34784304968421
39000 0.34820775862283715
39050 0.34841152643635664
39100 0.34965918021411246
39150 0.3516194054514193
39200 0.35052082321635114
39250 0.3541051984840978
39300 0.3509820425295749
39350 0.35185258111063644
39400 0.3510470033196895
39450 0.35011559300552214
39500 0.34846212571603546
39550 0.3470082623021823
39600 0.34694801439735407
39650 0.3464395734647544
39700 0.34789638658267685
39750 0.34870949498519654
39800 0.34949821013564064
39850 0.3484632637600459
39900 0.35075936620487236
39950 0.35103658564787965
40000 0.34965548829302
40050 0.34741582382304337
40100 0.34659334889377535
40150 0.34699554796204585
40200 0.3479856813801333
40250 0.34684611101025487
40300 0.34634072717926817
40350 0.34870050572151795
40400 0.3478394903352957
40450 0.34700430541066013
40500 0.34934417660596817
40550 0.3496638517369426
40600 0.3493739362921227
40650 0.3492427181675963
40700 0.3486654361218893
40750 0.3475054731097582
40800 0.3496803085230748
40850 0.34833989948195926
40900 0.3494397022113982
40950 0.34855651093047957
41000 0.34754981553103964
41050 0.35047332085053173
41100 0.34835912126077856
41150 0.3475083474083785
41200 0.34773309755833176
41250 0.3476511054898887
41300 0.3505715721106153
41350 0.35070442551950143
41400 0.3538332922532374
41450 0.35371829330682636
41500 0.3506067445076216
41550 0.34923854238696966
41600 0.346861385543156
41650 0.3448555440126241
41700 0.34515987826444994
41750 0.34185508189863506
41800 0.34179942954896436
41850 0.33979544684130936
41900 0.3396515836864096
41950 0.3395120355320871
42000 0.34177667510985466
42050 0.34247337514266135
42100 0.3432991740314327
42150 0.3441001989535409
42200 0.3451771928418835
42250 0.3433718778434083
42300 0.3447707219730223
42350 0.3455276004568828
42400 0.34431177265775303
42450 0.3467324198356483
42500 0.3459304470260021
42550 0.3439525336509848
42600 0.342783957856032
42650 0.34255043847662087
42700 0.34292392589452686
42750 0.3432862086898957
42800 0.34603762250072434
42850 0.3440564938614654
42900 0.3445347994747749
42950 0.3449987559196851
43000 0.34514879395735026
43050 0.3500943298525275
43100 0.35054150024305397
43150 0.34962525502118563
43200 0.35158649712021056
43250 0.3500389025642321
43300 0.35123773505815165
43350 0.35060060339979776
43400 0.3547825846898365
43450 0.3544891071133786
43500 0.3536044335423494
43550 0.35529629953472086
43600 0.353787410763256
43650 0.35337378854764667
43700 0.351922575105794
43750 0.3502148983532992
43800 0.34600845165303973
43850 0.346428198532602
43900 0.3454853525050984
43950 0.34472079171536874
44000 0.3421791676778054
44050 0.34196379200374105
44100 0.3420548791019357
44150 0.3430432327288776
44200 0.34325193646226704
44250 0.34570437783195723
44300 0.34733324667581245
44350 0.34801324941858924
44400 0.3501728524367106
44450 0.35121766657750697
44500 0.3532811361867911
44550 0.35228270188661065
44600 0.3505642213306913
44650 0.3500972949411101
44700 0.3508443760928768
44750 0.3508190455253462
44800 0.352744474803316
44850 0.35101214105989553
44900 0.3521817763989452
44950 0.35271632325002805
45000 0.35248483351676446
45050 0.35196028786753136
45100 0.353101478802352
45150 0.35825843372302574
45200 0.3560606806040466
45250 0.35407886082965534
45300 0.3533564945040866
45350 0.3532557994901501
45400 0.3524081251478178
45450 0.3524858810715181
45500 0.3533113044963214
45550 0.3515619658621108
45600 0.35151510760150323
45650 0.3505696541588814
45700 0.35250256428377547
45750 0.3531774873552622
45800 0.3520321626630788
45850 0.3521211974613213
45900 0.3519075615017189
45950 0.3500503344063279
46000 0.3516988244099008
46050 0.3508978593199759
46100 0.349220923146986
46150 0.34789429566715313
46200 0.34780746676137575
46250 0.34757324286582286
46300 0.34479604543679704
46350 0.3422521637875908
46400 0.3429345991600654
46450 0.34299656025543096
46500 0.34590666337624243
46550 0.34662946361800634
46600 0.34508058021014515
46650 0.3464281623746873
46700 0.34563531728887
46750 0.34426625812783174
46800 0.34383827077738743
46850 0.3456731235838983
46900 0.3483529299479069
46950 0.35005234208523245
47000 0.351250771393522
47050 0.34851324796561406
47100 0.34720785074122235
47150 0.34309161546932515
47200 0.3411988670410082
47250 0.3386129008867268
47300 0.33865451396741336
47350 0.3389948792636467
47400 0.33737503277844894
47450 0.3400037821527233
47500 0.3421036685808532
47550 0.33934055852342765
47600 0.340260341910776
47650 0.3404025316176899
47700 0.34024045591949875
47750 0.34128324224191375
47800 0.34169474465279126
47850 0.34059390252778426
47900 0.34192608516584844
47950 0.33991830278968693
48000 0.339920752919215
48050 0.3396231298309595
48100 0.3406844359360307
48150 0.34036390235727076
48200 0.34020298553689216
48250 0.3383968960065482
48300 0.33754498919787734
48350 0.33731863902126197
48400 0.33739907906384276
48450 0.3398771071926065
48500 0.342580794191405
48550 0.3429533700437978
48600 0.341364769586214
48650 0.3413238257118462
48700 0.34203411122659316
48750 0.3422730886050511
48800 0.3423548950170671
48850 0.3427342487387597
48900 0.34385222113354574
48950 0.3465866545710649
49000 0.3466890556491887
49050 0.3485883847664944
49100 0.3493807332234996
49150 0.3484993110122179
49200 0.3498943311096468
49250 0.3479475019631387
49300 0.34860907704729566
49350 0.34865080545113253
49400 0.3509412816452264
49450 0.3525630432316324
49500 0.3553361517201067
49550 0.35622606688240116
49600 0.3551392846613524
49650 0.3534851064791397
49700 0.3527805527840865
49750 0.3567471366297173
49800 0.35444472256658854
49850 0.35326138081806535
49900 0.35061353896437
49950 0.3513451327954389
50000 0.34965477931225475
