0 0.2499999850988388
50 0.25059998497366903
100 0.25223198563903565
150 0.2520150262129157
200 0.25255457485432364
250 0.25172793742988003
300 0.25302609980766266
350 0.2550353165988561
400 0.2562342576015694
450 0.2620472295158945
500 0.26513581291651994
550 0.2667817383144476
600 0.26792828637959093
650 0.268290437823966
700 0.271491724689247
750 0.2694969728949254
800 0.27011206345773814
850 0.27355870126790366
900 0.27450194044444326
950 0.2761668826245006
1000 0.2782318770040725
1050 0.2805349212661549
1100 0.2827688742003749
1150 0.28433580733063346
1200 0.2845057337544446
1250 0.2863205617060485
1300 0.2900309447475787
1350 0.2921300168343048
1400 0.2971661165796151
1450 0.3008511335829057
1500 0.3056255989316884
1550 0.3089068316074679
1600 0.30983962676653226
1650 0.3141944374628573
1700 0.3154186049111762
1750 0.3209560467638409
1800 0.32452736528940007
1850 0.3273915448313971
1900 0.3298697992732365
1950 0.33332370508046266
2000 0.3365239938565232
2050 0.33962827396930195
2100 0.3427894264297159
2150 0.34705574406597783
2200 0.35344407181552406
2250 0.3572407502332629
2300 0.3597235276547394
2350 0.36183182203967396
2400 0.36477686673475357
2450 0.36778355994592965
2500 0.3711500528256867
2550 0.37351555088328825
2600 0.37206008399916174
2650 0.37529828115732183
2700 0.37783933207887205
2750 0.37985415190192917
2800 0.38435852648656443
2850 0.3816777711926465
2900 0.3834274379853415
2950 0.3842246147384929
3000 0.3860478760817614
3050 0.3911164400138853
3100 0.39093294742143614
3150 0.39480495842658847
3200 0.39556081017446987
3250 0.4012439852255056
3300 0.40285666606213105
3350 0.40457096633060663
3400 0.4057838371261117
3450 0.4074103213685982
3500 0.4089880110838101
3550 0.41186837060824466
3600 0.4149623190608439
3650 0.4161634498824092
3700 0.41402854635017416
3750 0.4176576889583109
3800 0.41877795778888255
3850 0.4203146190194533
3900 0.42165518145022773
3950 0.42325552672197664
4000 0.4254078610633685
4050 0.42644562458773727
4100 0.42895225556400285
4150 0.4318336889699664
4200 0.4341786780147651
4250 0.43450331745974546
4300 0.435868217614088
4350 0.4401921723731257
4400 0.44258640662972737
4450 0.44310881378710537
4500 0.4437655485867109
4550 0.44560258198605845
4600 0.4490345063861416
4650 0.44966347115879457
4700 0.45147356673792843
4750 0.4502293605225719
4800 0.4511224802790993
4850 0.4551388052269961
4900 0.45378464096289783
4950 0.45532110159095973
5000 0.4554614687935704
5050 0.4567976247297633
5100 0.45689369534414026
5150 0.4581868835897464
5200 0.4637912765098494
5250 0.4645775385006562
5300 0.46669021134427846
5350 0.470539505862257
5400 0.47052332154469617
5450 0.4742576209685228
5500 0.4745798918745509
5550 0.47654249576204455
5600 0.4776962204600298
5650 0.4795653327018197
5700 0.4861783741512766
5750 0.48539302317707783
5800 0.4927312330539701
5850 0.49159929645574163
5900 0.49485131827732515
5950 0.49440577840714034
6000 0.4990736043396704
6050 0.5000013953511734
6100 0.502851354348945
6150 0.5008158137900023
6200 0.4989913393047766
6250 0.49932159883953103
6300 0.4993419508743451
6350 0.501461692133538
6400 0.49811784183444807
6450 0.49712430579263334
6500 0.4987105769764822
6550 0.500549257950574
6600 0.503082781356466
6650 0.5043402984164511
6700 0.5091600883195484
6750 0.5097852865997944
6800 0.5111417282163773
6850 0.5076574757976814
6900 0.5092277515952766
6950 0.5080509199057252
7000 0.5096093905919397
7050 0.5108211092318093
7100 0.5107964756687527
7150 0.5095725813629274
7200 0.5107854042796675
7250 0.513611842723482
7300 0.5127534869768613
7350 0.5105708822960299
7400 0.5105537555410466
7450 0.5108371423026107
7500 0.5117120268891232
7550 0.5119606655102449
7600 0.5107018455091747
7650 0.5081307896074577
7700 0.5101368655616061
7750 0.5117827613113717
7800 0.5139792796164397
7850 0.5131099007630303
7900 0.5122666041692928
7950 0.5114486055792978
8000 0.5088551477695468
8050 0.5103894916198466
8100 0.5097778071573535
8150 0.5066344729783957
8200 0.507335437930737
8250 0.5065153744709497
8300 0.5085699128791934
8350 0.5114628160650222
8400 0.5097689310823925
8450 0.5124758638651764
8500 0.51600158780617
8550 0.5156715400289338
8600 0.5162513928267077
8650 0.5168138500405485
8700 0.5167594341101786
8750 0.5156566507650081
8800 0.5142869512062951
8850 0.5114583431707852
8900 0.5114145925895593
8950 0.5109221549549238
9000 0.508344490663904
9050 0.5110941566592425
9100 0.5145113319594652
9150 0.5145259915715278
9200 0.5191902105369216
9250 0.5214645050791209
9300 0.5241205703559008
9350 0.5262469541035306
9400 0.5253095456234759
9450 0.5242502586468042
9500 0.523972752246386
9550 0.526403570251199
9600 0.5295114630006119
9650 0.5290761186814401
9700 0.5301538350494713
9750 0.5328492201410384
9800 0.5317137427857886
9850 0.5306123306452661
9900 0.5329939611550616
9950 0.5362041418912563
10000 0.5334680174199419
10050 0.530663976825818
10100 0.5315440575925691
10150 0.5307477357217408
10200 0.5310253025056795
10250 0.5320445433589835
10300 0.528083207237028
10350 0.5299407120212751
10400 0.5311424904460602
10450 0.5326082152319994
10500 0.5359799682028349
10550 0.5379005698720056
10600 0.537213552346692
10650 0.5350471449895099
10700 0.536395731927285
10750 0.538453860541671
10800 0.537150244868472
10850 0.5391857363064831
10900 0.5384601637881352
10950 0.5406063593036446
11000 0.5425381690967399
11050 0.5411120241668889
11100 0.5446786624405241
11150 0.5443883015659504
11200 0.5429066526620231
11250 0.5443194540835204
11300 0.5470398701749126
11350 0.5478786737120374
11400 0.5503423133576251
11450 0.5485320433489289
11500 0.5514260814762565
11550 0.5513832993895966
11600 0.5522418016953691
11650 0.5548745472153546
11700 0.5590783123724565
11750 0.560905963144334
11800 0.5635787835347483
11850 0.5619714197426036
11900 0.5646122764350697
11950 0.5655239090003246
12000 0.5637081915872637
12050 0.5623969452674412
12100 0.5623250369809436
12150 0.5609052854423618
12200 0.5619281259492586
12250 0.5635202824568831
12300 0.5658146735540233
12350 0.563390233776556
12400 0.5653885266202081
12450 0.5622268701778717
12500 0.5609600635003309
12550 0.5645312618098978
12600 0.5696453243847543
12650 0.5669559643313465
12700 0.5652472851153039
12750 0.5673398662757425
12800 0.5684696708596748
12850 0.5700155808769357
12900 0.5683651130214742
12950 0.5684141594162533
13000 0.5648617342761378
13050 0.5606658826054816
13100 0.5591459058412148
13150 0.5636715298103876
13200 0.5658113836299737
13250 0.565487040547512
13300 0.5633724294741378
13350 0.5596712565183881
13400 0.5592311175353761
13450 0.5577541837232126
13500 0.5603715576393117
13550 0.5597604115538625
13600 0.558867600137079
13650 0.5574015718468643
13700 0.5570295251921374
13750 0.55696863965095
13800 0.5554095803183704
13850 0.556747293624075
13900 0.5559448757451853
13950 0.5565165309033412
14000 0.5588710346901387
14050 0.5592049034348578
14100 0.5587787568324911
14150 0.5628653957010791
14200 0.5618794329717398
14250 0.5597230502686898
14300 0.5600313585460525
14350 0.56078041893408
14400 0.5601570052216485
14450 0.5628522943497434
14500 0.5620167263060324
14550 0.5630062253751583
14600 0.5627660388284803
14650 0.5640330582358305
14700 0.5673620668463835
14750 0.5684912054131965
14800 0.5689864703952098
14850 0.5720168767840326
14900 0.574356369765256
14950 0.5748256796736563
15000 0.573180908711242
15050 0.5741354820221094
15100 0.5741614189919576
15150 0.5722365761360966
15200 0.5732194794242182
15250 0.5702728948626778
15300 0.5732647067293372
15350 0.5739167645976246
15400 0.5737992614451192
15450 0.5717352834587145
15500 0.5721332260993622
15550 0.5710192283150234
15600 0.5682886520377772
15650 0.5684899921190161
15700 0.5740852922123943
15750 0.5720127333029714
15800 0.5721023527343937
15850 0.5769892825815154
15900 0.5779796045332234
15950 0.5802902173270592
16000 0.5811815112364009
16050 0.5820460663284623
16100 0.581084682908097
16150 0.5746021427069563
16200 0.5735640772813385
16250 0.5746571553920519
16300 0.5748174420177506
16350 0.5776729192578972
16400 0.5759427311079557
16450 0.570964448173359
16500 0.5739355134406978
16550 0.5750174484666304
16600 0.5726169251556826
16650 0.571638416256603
16700 0.5763892643411096
16750 0.5751475871976576
16800 0.5739431603685091
16850 0.5718748654144027
16900 0.5712186198095984
16950 0.5713320608576826
17000 0.5703920996756823
17050 0.5706803361847328
17100 0.5727599256700374
17150 0.5696771269701039
17200 0.5693868114443871
17250 0.5679052065288509
17300 0.5669180511197667
17350 0.5676105105875318
17400 0.5705321941254966
17450 0.5703662282302061
17500 0.574705242384658
17550 0.5745640848985416
17600 0.5745771637820968
17650 0.5723398479745642
17700 0.5721196524638017
17750 0.5717560629614132
17800 0.5717033826461334
17850 0.570002280737596
17900 0.5712022127446216
17950 0.5699661455039761
18000 0.570417162283266
18050 0.5687546469856146
18100 0.5711920086489298
18150 0.5705562469589505
18200 0.5691895588349263
18250 0.571463871497674
18300 0.5741199543513856
18350 0.5727963548625372
18400 0.5730124637159821
18450 0.5702220903767072
18500 0.5684154273793037
18550 0.5672629636996177
18600 0.5670450748601548
18650 0.5681837231865547
18700 0.566288211347907
18750 0.5681995648644187
18800 0.5664535776323838
18850 0.5655099693020543
18900 0.5668446706521462
18950 0.5694893296742749
19000 0.5699546509284559
19050 0.5719060111144999
19100 0.5749988293505534
19150 0.5727488644700367
19200 0.57251639846441
19250 0.5697409061886126
19300 0.5665986791102426
19350 0.5698507190945633
19400 0.5715051975217265
19450 0.5723600423113304
19500 0.5718392412565673
19550 0.5705840631605634
19600 0.5719165415518488
19650 0.5724590463066513
19700 0.5710352742021961
19750 0.5731042155469769
19800 0.5724110876500561
19850 0.5717387553781823
19900 0.5716865942903995
19950 0.5717859961040597
20000 0.5711324147904264
20050 0.5697484416314579
20100 0.5727559888831932
20150 0.5716233100034788
20200 0.5742746097020163
20250 0.5720463714109558
20300 0.5683849808050689
20350 0.566183431523968
20400 0.5643479284351978
20450 0.5610674909755325
20500 0.5628354663893177
20550 0.5602004031128939
20600 0.5573443902327258
20650 0.5569740590264229
20700 0.5579648382569883
20750 0.5577258934669065
20800 0.5580941164483226
20850 0.5599512930979241
20900 0.5608527553063445
20950 0.5627771726471542
21000 0.5650938570385862
21050 0.5682410400399682
21100 0.5669438081235134
21150 0.5650854937367569
21200 0.5637329283524496
21250 0.5652709407879785
21300 0.5643628115629811
21350 0.5637819259286313
21400 0.5644184675070423
21450 0.5648859147692913
21500 0.5650393371116359
21550 0.5618881563545567
21600 0.5631815122361246
21650 0.564886067012092
21700 0.5623394855739338
21750 0.5618193015073948
21800 0.5580147225336985
21850 0.5577742794271762
21900 0.556941050186054
21950 0.5567328172499609
22000 0.5584808330185644
22050 0.5562764075630913
22100 0.556538115264673
22150 0.5566419718782584
22200 0.5543427132941152
22250 0.553462431180036
22300 0.5550085588168395
22350 0.5559083014086043
22400 0.5540810525093973
22450 0.5535086199327574
22500 0.5507033615851141
22550 0.5521822614528165
22600 0.5498667934304181
22650 0.5486707893414032
22700 0.5502106663764169
22750 0.5523043465281756
22800 0.5523852163469071
22850 0.5527636615731136
22900 0.5514807514398179
22950 0.5536863288966234
23000 0.5549257398880316
23050 0.5574779672622373
23100 0.5565036275291144
23150 0.5606585184886643
23200 0.5637887617895951
23250 0.5629250979345493
23300 0.5617873442812571
23350 0.5599337239528194
23400 0.5581357122342347
23450 0.5593916415824635
23500 0.559559892263464
23550 0.5600230969260716
23600 0.5609224050196474
23650 0.5613447325114301
23700 0.5620543916804964
23750 0.5630427590002491
23800 0.5661014750858324
23850 0.5648684301180017
23900 0.5650223769998849
23950 0.5645717060475162
24000 0.5648845562966022
24050 0.5663880198938064
24100 0.5664963790824155
24150 0.5649514872807896
24200 0.5655529438067751
24250 0.5652363557071486
24300 0.5659792642491529
24350 0.5668498871799852
24400 0.5690443901354323
24450 0.564273058324081
24500 0.5663948662882563
24550 0.56545302108639
24600 0.566189429667017
24650 0.5699037467054809
24700 0.5687066334460097
24750 0.5676954334412714
24800 0.5703145695797264
24850 0.5727051317770789
24900 0.5723239778952921
24950 0.5725542598458937
25000 0.572927633194926
25050 0.5738898047712828
25100 0.5739231102705165
25150 0.5690054177491822
25200 0.5705352553597579
25250 0.5685691975559141
25300 0.568462121557711
25350 0.5691082589123377
25400 0.5710850108588653
25450 0.5695524599608948
25500 0.5695658859474912
25550 0.5683789085107597
25600 0.5658775407905206
25650 0.5646512138515493
25700 0.5664616774360028
25750 0.570467826755295
25800 0.5710537929539942
25850 0.5735721783070675
25900 0.5758650122425998
25950 0.5759890613746428
26000 0.5762593906778126
26050 0.575621609172055
26100 0.5744029616836747
26150 0.5771208716887551
26200 0.5757072446797856
26250 0.5770360274824432
26300 0.5787749463718677
26350 0.5761116973727443
26400 0.5777283463085108
26450 0.5825964962053578
26500 0.5814686018198761
26550 0.5806745421917173
26600 0.5797543062835937
26650 0.5775116769520348
26700 0.5781863273587294
26750 0.5764407369657629
26800 0.5730975149640785
26850 0.5733045890144771
26900 0.5714054510579405
26950 0.5749632874546767
27000 0.5779643874005249
27050 0.5753254551705418
27100 0.5769656913723744
27150 0.578706720345101
27200 0.5814455174472876
27250 0.5823021523530224
27300 0.5844830887122642
27350 0.5867485950495381
27400 0.5866961383424611
27450 0.5912952544782897
27500 0.58615639734462
27550 0.5868717058534348
27600 0.5892155535334226
27650 0.5854890861406387
27700 0.5877244125550615
27750 0.5838926795346795
27800 0.5833259008652528
27850 0.5818761246260765
27900 0.5839198401720386
27950 0.5844022456821332
28000 0.5820201781686181
28050 0.5821095739679687
28100 0.5824962858190972
28150 0.5837713972445243
28200 0.5857582546119329
28250 0.5834855066874726
28300 0.5806809417729507
28350 0.5814105140919668
28400 0.582568198812259
28450 0.5830911535631469
28500 0.5841984190993037
28550 0.5842224676707337
28600 0.5845457944989186
28650 0.5847094216653091
28700 0.5844181386577221
28750 0.5832355949986694
28800 0.5861385255751467
28850 0.5900043708092504
28900 0.5907542399710752
28950 0.5910316134871987
29000 0.5889006645103781
29050 0.5895336450042202
29100 0.5883476342235822
29150 0.5880972064843351
29200 0.5872542903613306
29250 0.5898866602199792
29300 0.5919900594120217
29350 0.5920803584879679
29400 0.5876679475187522
29450 0.5905879091647153
29500 0.5899702716751971
29550 0.5911711633818901
29600 0.5876860283016195
29650 0.5868554475240966
29700 0.5891997829539645
29750 0.5916237899660246
29800 0.5879750771253507
29850 0.5913358262421017
29900 0.5912957524561967
29950 0.5902068800970875
30000 0.5905006744094307
30050 0.5868856532473153
30100 0.5845790833637936
30150 0.5892417111489822
30200 0.5867144596714615
30250 0.5862130256667409
30300 0.587076635182841
30350 0.5867143375578673
30400 0.5859129092907962
30450 0.5815355219405467
30500 0.5816394574267395
30550 0.5820402745622442
30600 0.5872290661823256
30650 0.5883621941968559
30700 0.5897613280848479
30750 0.5875184878131491
30800 0.5818929324634988
30850 0.5807861449902729
30900 0.5806125620710761
30950 0.5795441857096228
31000 0.5815078595661296
31050 0.5780126229923644
31100 0.578972244731747
31150 0.5797530779619993
31200 0.5763104848363579
31250 0.5783711697190627
31300 0.5800700343413885
31350 0.5784179325958911
31400 0.5786153939742843
31450 0.5801569320120047
31500 0.5818022237655422
31550 0.5820481580539341
31600 0.5824367141706229
31650 0.5814636113149928
31700 0.5805197033331709
31750 0.5847041130914827
31800 0.5829129889834825
31850 0.5799755997431315
31900 0.5807263323230422
31950 0.5798045409228395
32000 0.5784604036937964
32050 0.5815065917975593
32100 0.5816113951880416
32150 0.5839630523310423
32200 0.5833941606895855
32250 0.5802923355470327
32300 0.5832835674833379
32350 0.5857350593144285
32400 0.5852630091085582
32450 0.5836051179769947
32500 0.5816969638654802
32550 0.5834460545203624
32600 0.582742672956277
32650 0.5798103931967421
32700 0.5768160819730445
32750 0.5767615991562253
32800 0.5747587508954363
32850 0.5729659879394198
32900 0.5736270091595441
32950 0.5729181992423856
33000 0.5744806532651141
33050 0.5731462328088538
33100 0.5726018478273042
33150 0.5749237934653687
33200 0.57612607994751
33250 0.5732422972272195
33300 0.5705950278454867
33350 0.5692271762948663
33400 0.5686503613636482
33450 0.5685408504512132
33500 0.5688846262251371
33550 0.5669680872953319
33600 0.568709044676472
33650 0.5720477735507545
33700 0.5716863386276182
33750 0.5726857490409942
33800 0.5766551760690855
33850 0.5766055222175244
33900 0.5783573562648964
33950 0.5796066357200007
34000 0.5773684365053495
34050 0.5723473833029007
34100 0.5730269626621206
34150 0.5733861531385268
34200 0.571184568544371
34250 0.5708490315595655
34300 0.5691735601836251
34350 0.5714483528059118
34400 0.5670549016852927
34450 0.5674432559221942
34500 0.565869957815375
34550 0.5620938590093881
34600 0.5623310430245297
34650 0.5679611117337939
34700 0.5657722785248313
34750 0.5672491104551887
34800 0.5685316375706865
34850 0.5682756885150915
34900 0.5666774174304853
34950 0.5666270948360451
35000 0.5697282824916428
35050 0.5677864338738423
35100 0.5707028415013572
35150 0.5693317555410607
35200 0.5687518032324568
35250 0.5701392494215853
35300 0.5686350713667332
35350 0.5706260189396289
35400 0.568657238228389
35450 0.5662975213676396
35500 0.5673085964418662
35550 0.5676893398360705
35600 0.5662586590687838
35650 0.5665209007272317
35700 0.5673752745637216
35750 0.5643040164340983
35800 0.5686748970854846
35850 0.5717146488854596
35900 0.5713632094904214
35950 0.5740223122043507
36000 0.5736016429097458
36050 0.5737935931217745
36100 0.5748797857572747
36150 0.5726333921845564
36200 0.572704390061392
36250 0.5726232581449735
36300 0.5726945618311358
36350 0.5759137251907784
36400 0.5772363135781062
36450 0.5782192245999165
36500 0.5716726473970027
36550 0.5755224694056041
36600 0.5782067941790268
36650 0.5737605905682327
36700 0.5718477725650835
36750 0.5726923401033867
36800 0.5703615700433362
36850 0.5708007240864453
36900 0.5728767019346985
36950 0.5694904002329274
37000 0.5686056888696698
37050 0.5684975181320542
37100 0.5686925940186041
37150 0.5700818164841482
37200 0.574279363134033
37250 0.5725009818108586
37300 0.571525953000263
37350 0.5693801744102551
37400 0.566698769750152
37450 0.5702478049410337
37500 0.5720403706497516
37550 0.571229160030938
37600 0.5749422850154332
37650 0.5729940161788679
37700 0.5688541957650274
37750 0.5667885698920766
37800 0.5658349117939563
37850 0.5662598639394586
37900 0.563522067842461
37950 0.5667164045197267
38000 0.5656149115258281
38050 0.5657464639654766
38100 0.5634740694385448
38150 0.5597698472838629
38200 0.5614267521514493
38250 0.5612339498014826
38300 0.5625469318796427
38350 0.5633705249246114
38400 0.5665694096775521
38450 0.5704223271726488
38500 0.5717596558554323
38550 0.5706568651784113
38600 0.5709371587223799
38650 0.5722590442468108
38700 0.5711412719180485
38750 0.5714070350479674
38800 0.5700148232812727
38850 0.5713643788689369
38900 0.5708734477174455
38950 0.5723472444289733
39000 0.5730268261662718
39050 0.573236022668744
39100 0.573438943276142
39150 0.5745357754070112
39200 0.575899702287852
39250 0.5728727119344722
39300 0.5733865315777961
39350 0.5752349353443599
39400 0.5773278867118246
39450 0.5771080498958931
39500 0.575094808112914
39550 0.5735919631542709
39600 0.571084204545745
39650 0.5704516769788612
39700 0.5687881262403419
39750 0.570174482739234
39800 0.5697192484716337
39850 0.5703276720188427
39900 0.567617842430482
39950 0.5682893081589255
40000 0.5687906300585669
40050 0.5670269108707076
40100 0.5674161048320466
40150 0.5677936211864062
40200 0.569509812550814
40250 0.5687745168868293
40300 0.5707612810941222
40350 0.5717884432335031
40400 0.5745847887920887
40450 0.5733972441269681
40500 0.5734453282336706
40550 0.571991969459544
40600 0.5690822101969438
40650 0.5712097434618821
40700 0.5707234513726024
40750 0.5699517465439641
40800 0.5714531942906963
40850 0.5699095978897708
40900 0.5676623100961288
40950 0.5642824411866356
41000 0.5632539670927297
41050 0.562556348723678
41100 0.5627796580473909
41150 0.5596962685563087
41200 0.5588053796413126
41250 0.5595912193964824
41300 0.5594534830291646
41350 0.5615698783952386
41400 0.5598727819003303
41450 0.561226599015525
41500 0.5638898003298035
41550 0.5663231057477048
41600 0.5638834121103574
41650 0.5637669098185722
41700 0.564403901880285
41750 0.5626217846808254
41800 0.5670431304966704
41850 0.5674318378692307
41900 0.5705088814456933
41950 0.5730436141440157
42000 0.5773023049329139
42050 0.5761832364286567
42100 0.5756977411954618
42150 0.5747768076721377
42200 0.5743335035134991
42250 0.5746534995525033
42300 0.5716638943871144
42350 0.5711639777700777
42400 0.5706790586515521
42450 0.5690086864628521
42500 0.566338426441171
42550 0.5662982735764104
42600 0.5644593252260669
42650 0.5644755453977593
42700 0.5607412789643009
42750 0.559819039737065
42800 0.56087446940326
42850 0.5599482344628554
42900 0.558899786713714
42950 0.5592327928977259
43000 0.5594058090392685
43050 0.5600236360555507
43100 0.5577729274030376
43150 0.5573897400816256
43200 0.5568680485229069
43250 0.5611620084977312
43300 0.5632271480997482
43350 0.5631303337282813
43400 0.5627364240740607
43450 0.563404332496248
43500 0.5637522021637327
43550 0.5619896359557696
43600 0.5601299468770965
43650 0.5587760480416302
43700 0.5612127661712278
43750 0.5605763838298211
43800 0.5611590918142475
43850 0.560374318058462
43900 0.5591630879445036
43950 0.5573881953061686
44000 0.5565665485886766
44050 0.5587695519879652
44100 0.5591064652137495
44150 0.5561332715076766
44200 0.5532492745068553
44250 0.5515017955206312
44300 0.5492067414761983
44350 0.5469805390530985
44400 0.548871123310659
44450 0.5495049893967625
44500 0.5507198407162177
44550 0.5500982446364243
44600 0.548145297726485
44650 0.5452009384370626
44700 0.537544910927681
44750 0.5347685633852738
44800 0.5326755065910039
44850 0.5310952419654784
44900 0.5256623845277002
44950 0.5197925124911902
45000 0.5199487364011988
45050 0.5190502745952651
45100 0.5144287666435094
45150 0.5123459034296275
45200 0.5049255258975852
45250 0.4996777596199786
45300 0.4951874266525654
45350 0.49173180370993724
45400 0.4894298493482996
45450 0.4886969530810693
45500 0.49083604456016283
45550 0.48961096375979973
45600 0.4884226344893779
45650 0.48261995595537555
45700 0.4816413569190864
45750 0.478292116354565
45800 0.4763933535076582
45850 0.4729015533315819
45900 0.4686145062309554
45950 0.46850607025724544
46000 0.46690088789918854
46050 0.46804386111916174
46100 0.46660254399812656
46150 0.4692544661046201
46200 0.46432683233605826
46250 0.46149702750902766
46300 0.45860211696985914
46350 0.4562440533177122
46400 0.4557567316466552
46450 0.45558402933962766
46500 0.45241650917469456
46550 0.45234401354182585
46600 0.45422369270641766
46650 0.4513969823543786
46700 0.44520507302679835
46750 0.44414892072870604
46800 0.4425244535717611
46850 0.44199872032223614
46900 0.43998875871256904
46950 0.4371390959154292
47000 0.4324249230737291
47050 0.4310021750954149
47100 0.4275221097710269
47150 0.42654644679976117
47200 0.4250000533957683
47250 0.4233500519369464
47300 0.42324955087951704
47350 0.42195206421008036
47400 0.4239935025698802
47450 0.42252369749278385
47500 0.4188479869256282
47550 0.42023254653107806
47600 0.41902556999209456
47650 0.4183048023201271
47700 0.4198556582147605
47750 0.41850998846831766
47800 0.4181046888500309
47850 0.4150115481130044
47900 0.4190612020272421
47950 0.4213393652154063
48000 0.4197991844019953
48050 0.415155208440782
48100 0.4085505524200167
48150 0.4063440360977557
48200 0.402403715193637
48250 0.402181604059693
48300 0.4028661562955301
48350 0.4017301718927665
48400 0.40242826709361135
48450 0.40070541904504026
48500 0.40143425593724724
48550 0.39809122890286
48600 0.3964984920000114
48650 0.3931535371327227
48700 0.39260893101874106
48750 0.3914806636603834
48800 0.3912862434644696
48850 0.39334765551680534
48900 0.39429722620892904
48950 0.3955183094941867
49000 0.39355275970868203
49050 0.39194617613064026
49100 0.3950377909897722
49150 0.3905366574031302
49200 0.3890205577883247
49250 0.38739994130501443
49300 0.38597794317315237
49350 0.3878986045203299
49400 0.3897616460270922
49450 0.39036879743306074
49500 0.38930773408227354
49550 0.38857850234590763
49600 0.38547114716824205
49650 0.3830570129677715
49700 0.3832653021495849
49750 0.3837673432639112
49800 0.38155432303751946
49850 0.3818076929172404
49900 0.38205346170056975
49950 0.379141858636334
50000 0.37886760302029515
