0 0.2549999952316284
50 0.2549999952316284
100 0.2540999951958656
150 0.25607699512541293
200 0.2605446853074133
250 0.26172834510581877
300 0.26377649425196514
350 0.2644131984230481
400 0.26488080250611945
450 0.26323437868127536
500 0.26328734689168365
550 0.2631887261988309
600 0.2612930645022729
650 0.25960427296059535
700 0.2578161448611845
750 0.2560816606047559
800 0.25424921057203653
850 0.2526217343442824
900 0.25104308240336093
950 0.24951179002066706
1000 0.24802643640945402
1050 0.24658564340657735
1100 0.245188074193787
1150 0.24383243205738034
1200 0.24296745920294727
1250 0.2416784355162658
1300 0.24042808254018477
1350 0.2392152401533862
1400 0.23803878303819156
1450 0.23689761963645278
1500 0.23579069113676615
1550 0.23471697049207013
1600 0.23367546146671497
1650 0.23401519776576465
1700 0.23299474192219866
1750 0.23200489975393965
1800 0.23104475285072842
1850 0.23026341065859723
1900 0.22935550842824626
1950 0.22847484326480583
2000 0.2276205980562686
2050 0.22709198036492007
2100 0.2262792210433794
2150 0.22579084466241756
2200 0.225017119411952
2250 0.22426660591900038
2300 0.22353860783083732
2350 0.22283244968531915
2400 0.22214747628416653
2450 0.22148305208504848
2500 0.220838560611904
2550 0.22021340388295382
2600 0.21960700185587217
2650 0.21916879219358668
2700 0.21859372851718603
2750 0.2180359167510774
2800 0.21749483933795202
2850 0.2169699942472204
2900 0.21646089450921074
2950 0.21596706776334137
3000 0.2154880558198481
3050 0.21562341410948985
3100 0.2151547117756121
3150 0.2151500705296321
3200 0.21469556850315008
3250 0.21425470153746254
3300 0.2138270605807456
3350 0.2134122488527302
3400 0.21300988147655525
3450 0.21261958512166554
3500 0.21224099765742252
3550 0.2118737678171068
3600 0.21151755487200055
3650 0.21117202831524748
3700 0.210836867555197
3750 0.21051176161794805
3800 0.21019640885881655
3850 0.21079051627118697
3900 0.2104668008724583
3950 0.21015279693569153
4000 0.20984821311702773
4050 0.20955276681292384
4100 0.20926618389794308
4150 0.20898819847041172
4200 0.20871855260570632
4250 0.20845699611694207
4300 0.20820328632284077
4350 0.2079571878225625
4400 0.2077184722772926
4450 0.20748691819838078
4500 0.20726231074183632
4550 0.20704444150898818
4600 0.2068331083531255
4650 0.2066281151919387
4700 0.20642927182558748
4750 0.20623639376022682
4800 0.20604930203682698
4850 0.20586782306512913
4900 0.2056917884625822
4950 0.2055210348981117
5000 0.2053554039405753
5050 0.205194741911765
5100 0.205038899743819
5150 0.20488773284091139
5200 0.204741100945091
5250 0.2045988680061452
5300 0.20446090205536782
5350 0.20432707508311374
5400 0.20419726292002727
5450 0.2040713451218334
5500 0.20394920485758533
5550 0.20383072880126474
5600 0.20371580702663375
5650 0.2036043329052417
5700 0.20349620300749138
5750 0.2033913170066736
5800 0.20328957758588034
5850 0.2031908903477109
5900 0.20309516372668654
5950 0.2030023089042929
6000 0.20291223972657108
6050 0.2028248726241809
6100 0.20274012653486242
6150 0.2026579228282235
6200 0.20257818523278376
6250 0.2025008397652072
6300 0.20242581466165793
6350 0.20235304031121515
6400 0.20273244920916705
6450 0.202650475822299
6500 0.2027209619410207
6550 0.20263933317219704
6600 0.2025601532664381
6650 0.2024833487578519
6700 0.2024088483845233
6750 0.20233658302239457
6800 0.2022664856211297
6850 0.20219849114190278
6900 0.20213253649705265
6950 0.20206856049154803
7000 0.20200650376620854
7050 0.20194630874262925
7100 0.20188791956975732
7150 0.20183128207207157
7200 0.20177634369931638
7250 0.20172305347774383
7300 0.20167136196281846
7350 0.20162122119334086
7400 0.20157258464694758
7450 0.20152540719694612
7500 0.2014796450704447
7550 0.2014352558077383
7600 0.2013921982229131
7650 0.20135043236563266
7700 0.20130991948407062
7750 0.20127062198895546
7800 0.20123250341869375
7850 0.2011955284055399
7900 0.20115966264278065
7950 0.20112487285290417
8000 0.201091126756724
8050 0.20105839304342923
8100 0.2010266413415333
8150 0.20099584219069427
8200 0.20111596731836412
8250 0.20108248838822015
8300 0.2010500138259805
8350 0.20101851350060804
8400 0.20098795818499676
8450 0.20095831952885382
8500 0.20092957003239514
8550 0.20090168302083025
8600 0.2008746326196123
8650 0.2008483937304309
8700 0.20082294200792492
8750 0.20079825383709413
8800 0.20077430631138826
8850 0.20075107721145358
8900 0.20072854498451692
8950 0.20070668872438838
9000 0.2006854881520637
9050 0.20066492359690874
9100 0.20064497597840844
9150 0.20062562678846313
9200 0.2006068580742162
9250 0.20058865242139665
9300 0.2005709929381617
9350 0.20055386323942379
9400 0.20053724743164802
9450 0.20052113009810554
9500 0.20050549628456932
9550 0.20049033148543918
9600 0.20047562163028296
9650 0.20046135307078142
9700 0.20059751287204863
9750 0.20057958757529412
9800 0.20056220003744224
9850 0.20054533412572592
9900 0.2005289741913611
9950 0.2005131050550272
10000 0.20049771199278335
10050 0.2006327810263905
10100 0.20061379768500576
10150 0.20059538384386255
10200 0.20117752229278388
10250 0.20114219671340733
10300 0.20110793090141207
10350 0.20107469306377668
10400 0.20104245236127033
10450 0.2011611791838229
10500 0.20112634389771517
10550 0.20154255368807206
10600 0.20149627716683685
10650 0.2014513889412387
10700 0.2014078473624085
10750 0.2013656120309432
10800 0.20132464375942186
10850 0.20128490453604617
10900 0.20124635748937172
10950 0.20120896685409753
11000 0.20117269793788156
11050 0.20113751708915206
11100 0.20110339166588445
11150 0.20107029000531487
11200 0.2014881814124438
11250 0.20144353605947743
11300 0.20140023006710006
11350 0.201358223254494
11400 0.20131747664626615
11450 0.20127795243628513
11500 0.20123961395260354
11550 0.2013524259274161
11600 0.20131185323900055
11650 0.20127249773123748
11700 0.20123432288870732
11750 0.20134729359543677
11800 0.20130687487698062
11850 0.20126766872007815
11900 0.20122963874788274
11950 0.2011927496748532
12000 0.20115696727401455
12050 0.20112225834520106
12100 0.20108859068425197
12150 0.20105593305313138
12200 0.20102425515094438
12250 0.200993527585823
12300 0.20096372184765526
12350 0.20093481028163257
12400 0.20090676606259056
12450 0.2008795631701198
12500 0.20085317636442315
12550 0.20112758132383
12600 0.20109375397352205
12650 0.20106094144372336
12700 0.20102911328981862
12750 0.200998239980531
12800 0.20096829287052204
12850 0.20093924417381334
12900 0.2009110669380059
12950 0.20088373501927267
13000 0.20085722305810144
13050 0.20083150645576536
13100 0.20080656135149935
13150 0.20078236460036133
13200 0.20090889405574117
13250 0.2008816273234759
13300 0.20085517859317856
13350 0.20082952332479015
13400 0.2008046377144534
13450 0.20093049897641047
13500 0.20090258409652512
13550 0.20087550666303633
13600 0.20084924155255218
13650 0.20082376439538258
13700 0.20094905185691175
13750 0.20092058039061136
13800 0.20089296306829998
13850 0.20086617426565795
13900 0.20084018912709517
13950 0.20081498354268926
14000 0.20079053412581555
14050 0.20076681819144804
14100 0.20074381373511155
14150 0.20072149941246514
14200 0.20069985451949815
14250 0.20067885897332016
14300 0.2006584932935275
14350 0.20063873858412862
14400 0.2006195765160117
14450 0.2006009893099383
14500 0.2005829597200471
14550 0.20056547101785266
14600 0.20054850697672402
14650 0.20053205185682926
14700 0.2011160902653616
14750 0.2010826076468077
14800 0.20120012981079413
14850 0.20116412600587727
14900 0.2014292024760405
14950 0.20138632649116622
15000 0.2013447367858382
15050 0.20160439493260257
15100 0.20155626317403144
15150 0.20150957536821745
15200 0.20146428819657788
15250 0.2014203596400875
15300 0.20137774894029184
15350 0.20133641656149004
15400 0.2012963241540523
15450 0.20125743451883768
15500 0.2012197115726795
15550 0.20118312031490607
15600 0.20114762679486584
15650 0.20111319808042682
15700 0.20107980222742097
15750 0.2010474082500053
15800 0.2010159860919121
15850 0.20098550659856168
15900 0.20095594149001178
15950 0.2009272633347184
16000 0.2008994455240838
16050 0.20087246224776822
16100 0.20084628846974212
16150 0.2008208999050568
16200 0.20079627299731206
16250 0.20077238489679966
16300 0.20074921343930263
16350 0.20072673712553052
16400 0.20070493510117154
16450 0.20068378713754334
16500 0.200663273612824
16550 0.20064337549384623
16600 0.2006240743184378
16650 0.20060535217829162
16700 0.20058719170234982
16750 0.2005695760406863
16800 0.20055248884887264
16850 0.20053591427281342
16900 0.20051983693403597
16950 0.20050424191542185
17000 0.20048911474736614
17050 0.2004744413943521
17100 0.2004602082419285
17150 0.2004464020840776
17200 0.20043301011096223
17250 0.2004200198970403
17300 0.20040741938953605
17350 0.2003951968972569
17400 0.20038334107974615
17450 0.20082184095464212
17500 0.2007971858154098
17550 0.20077327033035447
17600 0.20075007230985079
17650 0.2007275702299622
17700 0.2007057432124703
17750 0.20068457100550316
17800 0.20066403396474503
17850 0.20064411303520963
17900 0.2006247897335603
17950 0.20060604613096045
18000 0.2005878648364386
18050 0.20057022898075239
18100 0.20055312220073676
18150 0.2005365286241216
18200 0.20052043285480492
18250 0.20050481995856773
18300 0.20048967544921764
18350 0.20047498527514807
18400 0.20046073580630058
18450 0.20044691382151852
18500 0.20043350649627992
18550 0.20042050139079848
18600 0.20040788643848148
18650 0.2008456499526154
18700 0.2008202805434439
18750 0.20079567221654754
18800 0.20077180213945806
18850 0.20074864816468127
18900 0.20072618880914778
18950 0.2007044032342803
19000 0.20068327122665883
19050 0.200662773179266
19100 0.20064289007329497
19150 0.20062360346050306
19200 0.20060489544609492
19250 0.2008867488330516
19300 0.200860146457467
19350 0.20083434215314994
19400 0.2008093119779624
19450 0.20078503270803047
19500 0.20076148181619652
19550 0.20073863745111759
19600 0.200716478416991
19650 0.20069498415388823
19700 0.20067413471867854
19750 0.20065391076652514
19800 0.20063429353293635
19850 0.20061526481635522
19900 0.20059680696127152
19950 0.20057890284184032
20000 0.20056153584599207
20050 0.20054468986001925
20100 0.20052834925362562
20150 0.2005124988654238
20200 0.20049712398886804
20250 0.20048221035860894
20300 0.20046774413725763
20350 0.20045371190254685
20400 0.2004401006348774
20450 0.20042689770523806
20500 0.20041409086348785
20550 0.20040166822699018
20600 0.20038961826958743
20650 0.20037792981090677
20700 0.20036659200598653
20750 0.2005055946391976
20800 0.2004904268894286
20850 0.2004757141721527
20900 0.20046144283639508
20950 0.20044759964071018
21000 0.20043417174089584
21050 0.20042114667807592
21100 0.2004085123671406
21150 0.20039625708553335
21200 0.2003843694623743
21250 0.20037283846791004
21300 0.2003616534032797
21350 0.20065080405152083
21400 0.20063128001938216
21450 0.20061234170820766
21500 0.20059397154636838
21550 0.2005761524893843
21600 0.2019088680577539
21650 0.20185160210542824
21700 0.20179605413167234
21750 0.20174217259712912
21800 0.2016899075086222
21850 0.2016392103727705
21900 0.20159003415099433
21950 0.20154233321587145
22000 0.20149606330880226
22050 0.20145118149894514
22100 0.20140764614338375
22150 0.2013654168484892
22200 0.20132445443244146
22250 0.20158472104980774
22300 0.20153717950772046
22350 0.2014910642118958
22400 0.20144633237494589
22450 0.20140294249310448
22500 0.2013608543077183
22550 0.2013200287678937
22600 0.20128042799426385
22650 0.2012420152438429
22700 0.20135475517991827
22750 0.2014641129179114
22800 0.201420189619781
22850 0.20137758402059452
22900 0.20133625658938364
22950 0.20129616898110908
23000 0.20125728400108275
23050 0.20121956557045723
23100 0.20118297869275045
23150 0.2011474894213749
23200 0.2011130648281406
23250 0.20107967297270332
23300 0.20104728287292917
23350 0.20101586447614825
23400 0.20098538863127074
23450 0.2009558270617396
23500 0.20092715233929437
23550 0.2008993378585225
23600 0.20087235781217377
23650 0.20084618716721553
23700 0.200820801641606
23750 0.20079617768176478
23800 0.20077229244071879
23850 0.20074912375690418
23900 0.200726650133604
23950 0.20070485071900282
24000 0.20068370528683968
24050 0.20066319421764145
24100 0.20064329848051915
24150 0.20062399961551053
24200 0.20060527971645217
24250 0.20058712141436555
24300 0.20056950786134153
24350 0.20055242271490825
24400 0.20053585012286795
24450 0.20096977472647026
24500 0.2009406815740831
24550 0.20091246121626755
24600 0.20088508746918649
24650 0.20085853493451786
24700 0.20083277897588928
24750 0.20080779569601956
24800 0.20078356191454594
24850 0.20076005514651651
24900 0.20073725358152797
24950 0.2007151360634891
25000 0.20069368207099136
25050 0.20067287169826858
25100 0.20065268563672747
25150 0.20063310515703262
25200 0.20061411209172858
25250 0.2005956888183837
25300 0.20057781824323914
25350 0.2005604837853489
25400 0.2005436693611954
25450 0.20052735936976648
25500 0.20051153867808044
25550 0.200496192607145
25600 0.2004813069183376
25650 0.20061686810417814
25700 0.20059836215045976
25750 0.20058041137535293
25800 0.20101299914138068
25850 0.2009826092565462
25900 0.20095313106825677
25950 0.200924537225616
26000 0.20134680121613588
26050 0.20130639726905875
26100 0.20126720544039395
26150 0.2012291893665891
26200 0.20119231377499838
26250 0.20115654445115538
26300 0.20112184820702766
26350 0.20108819285022378
26400 0.20105554715412402
26450 0.20102388082890726
26500 0.20129316465437957
26550 0.20125436980415515
26600 0.20121673879943744
26650 0.20133023702884498
26700 0.20129033000738658
26750 0.2015516203575045
26800 0.2018050719971189
26850 0.2017509199266123
26900 0.20169839241822088
26950 0.2016474407350812
27000 0.20159801760243573
27050 0.2015500771637696
27100 0.20150357493826346
27150 0.2014584677795225
27200 0.2014147138355438
27250 0.20152227281386814
27300 0.20147660471885906
27350 0.20143230666670023
27400 0.20138933755610616
27450 0.20134765751882994
27500 0.2017572279005534
27550 0.20185451145692745
27600 0.2017988762026266
27650 0.20174491000595476
27700 0.20169256279518308
27750 0.20164178600073454
27800 0.2027925327068148
27850 0.20270875681501732
27900 0.20262749419997375
27950 0.2025486694633815
28000 0.2029222094867684
28050 0.2028345432915723
28100 0.20274950708223208
28150 0.20356702154790005
28200 0.20346001099087
28250 0.20335621075055085
28300 0.20325552451744128
28350 0.20315785887132498
28400 0.2030631231945922
28450 0.20297122958816138
28500 0.2028820927899235
28550 0.20324563011351415
28600 0.2031482612995157
28650 0.2032038138539209
28700 0.2031076995277102
28750 0.20316446893526957
28800 0.20306953495661845
28850 0.20297744899732684
28900 0.202888125616814
28950 0.20280148193771652
29000 0.202717437568992
29050 0.20278591483531289
29100 0.20270233747966046
29150 0.203071267462559
29200 0.20297912952808916
29250 0.20288975573165344
29300 0.20280306314911078
29350 0.2034689710758235
29400 0.20351490233693947
29450 0.20340945535623825
29500 0.20330717178495805
29550 0.20320795672081626
29600 0.20311171810859874
29650 0.20301836665474773
29700 0.20307781604849598
29750 0.20298548165644806
29800 0.20349591717099183
29850 0.20339103974526904
29900 0.20328930864231792
29950 0.20319062947245534
