0 0.26999998092651367
50 0.2678999815881252
100 0.2657129823729396
150 0.2646415930269212
200 0.26510234527187637
250 0.265399275092534
300 0.26403729680399524
350 0.26286617772106147
400 0.2627801921033273
450 0.2614967863044647
500 0.2599518829656703
550 0.25830332687009083
600 0.2565542271533951
650 0.25500760073218387
700 0.253507373103609
750 0.2523521520177891
800 0.25138158742149264
850 0.24984013988825482
900 0.2486449359419467
950 0.24718558795309525
1000 0.24577002040390936
1050 0.24439691988119902
1100 0.24306501237417
1150 0.24177306209235186
1200 0.24051987031898825
1250 0.23930427429882556
1300 0.23827514646325146
1350 0.23712689215876087
1400 0.236013085483405
1450 0.2349326930083098
1500 0.23388471230746746
1550 0.2328681710276504
1600 0.23188212598622784
1650 0.23092566229604797
1700 0.2299978925165735
1750 0.22909795583048323
1800 0.22822501724497568
1850 0.22737826681703335
1900 0.2265569189019293
1950 0.22576021142427838
2000 0.22498740517095697
2050 0.2242377831052352
2100 0.2235106497014851
2150 0.2228053302998475
2200 0.22212117048025903
2250 0.2214575354552582
2300 0.2208138094810074
2350 0.22018939528598414
2400 0.21958371351681155
2450 0.21899620220071417
2500 0.2184263162240997
2550 0.21817352698771622
2600 0.21762832126749168
2650 0.2170994717188739
2700 0.21658648765671462
2750 0.21608889311642013
2800 0.21605622643021588
2850 0.21557453972671636
2900 0.21510730362432182
2950 0.21465408460499913
3000 0.2142144621562561
3050 0.21378802838097538
3100 0.21337438761895308
3150 0.21297315607979145
3200 0.21258396148680467
3250 0.2122064427316075
3300 0.21184024953906622
3350 0.21148504214230118
3400 0.2111404909674391
3450 0.21080627632782287
3500 0.21048208812739513
3550 0.21031762587696395
3600 0.210008097190062
3650 0.21000785452469967
3700 0.20970761897836562
3750 0.20941639049842162
3800 0.20928389917685963
3850 0.20930538245189337
3900 0.20992622065647148
3950 0.2096284341261843
4000 0.2093395811918057
4050 0.2090593938454585
4100 0.2087876121195017
4150 0.2085239838453236
4200 0.20826826441937085
4250 0.20802021657619668
4300 0.20777961016831772
4350 0.20754622195267514
4400 0.20731983538350185
4450 0.20710024041140374
4500 0.20688723328846859
4550 0.20668061637922147
4600 0.20648019797725178
4650 0.2062857921273412
4700 0.20609721845292792
4750 0.20591430198874702
4800 0.20573687301849156
4850 0.20556476691734377
4900 0.2055478243032141
4950 0.20538138966352465
5000 0.20521994806302588
5050 0.20506334971054205
5100 0.20491144930863275
5150 0.20476410591878072
5200 0.20462118283062425
5250 0.20538254702384046
5300 0.2052210707025322
5350 0.20506443867086319
5400 0.20491250560014423
5450 0.20476513052154685
5500 0.2046221766953074
5550 0.20448351148385516
5600 0.20434900622874647
5650 0.20421853613129104
5700 0.20409198013675925
5750 0.20396922082206342
5800 0.20385014428680848
5850 0.2037346400476112
5900 0.20362260093558981
5950 0.20351392299692908
6000 0.20340850539642816
6050 0.20330625032394226
6100 0.20320706290363094
6150 0.20311085110592897
6200 0.20301752566215805
6250 0.20292699998170027
6300 0.2028391900716562
6350 0.20275401445891347
6400 0.202671394114553
6450 0.20259125238052336
6500 0.2025135148985146
6550 0.2024381095409661
6600 0.20236496634414408
6650 0.20229401744322673
6700 0.20282519688416714
6750 0.20304044122798165
6800 0.20294922808054916
6850 0.20286075132753964
6900 0.2027749288771204
6950 0.20269168110021374
7000 0.2026109307566143
7050 0.2025326029233228
7100 0.20245662492503008
7150 0.2026829264276187
7200 0.2027524390281808
7250 0.2029698661076749
7300 0.2028807702138516
7350 0.202794347196843
7400 0.20271051687034466
7450 0.20262920145364127
7500 0.202550325499439
7550 0.20247381582386278
7600 0.20239960143855384
7650 0.2023276134848042
7700 0.20225778516966703
7750 0.20219005170398396
7800 0.2021243502422714
7850 0.2020606198244102
7900 0.20214880162306856
7950 0.20208433766378345
8000 0.2020218076232769
8050 0.20211115378796926
8100 0.2026478191385674
8150 0.20256838465381732
8200 0.20249133320360976
8250 0.20241659329690842
8300 0.20234409558740812
8350 0.20227377280919284
8400 0.20220555971432402
8450 0.20213939301230124
8500 0.20207521131133915
8550 0.20201295506140593
8600 0.2019525664989707
8650 0.20189398959340854
8700 0.20183716999501325
8750 0.2017820549845698
8800 0.20172859342443966
8850 0.2021267357289948
8900 0.20206293374653192
8950 0.20200104582354292
9000 0.2019410145382436
9050 0.20188278419150324
9100 0.20182630075516508
9150 0.2019215121259008
9200 0.2018638668515307
9250 0.20195795123937546
9300 0.20204921309558485
9350 0.20198773679212426
9400 0.2019281047777675
9450 0.20187026172384143
9500 0.20181415396153313
9550 0.2019097297360778
9600 0.2018524379334024
9650 0.20179686488480728
9700 0.20174295902767
9750 0.20169067034624685
9800 0.2016399503252664
9850 0.20159075190491538
9900 0.20154302943717486
9950 0.20149673864346657
10000 0.20145183657356952
10050 0.2014082815657694
10100 0.20136603320820326
10150 0.2013250523013641
10200 0.20128530082173013
10250 0.20124674188648517
10300 0.20120933971929758
10350 0.20117305961712562
10400 0.2011378679180188
10450 0.20110373196988518
10500 0.20107062010019558
10550 0.20103850158659667
10600 0.20100734662840572
10650 0.2009771263189605
10700 0.20094781261879865
10750 0.20091937832964166
10800 0.20089179706915936
10850 0.20086504324649154
10900 0.20098909234248746
10950 0.2011094199656035
11000 0.20107613745604236
11050 0.20104385342176803
11100 0.20101253790852194
11150 0.20098216186067325
11200 0.20095269709426
11250 0.20107411657482285
11300 0.20104189316698512
11350 0.2010106364613825
11400 0.200980317456948
11450 0.2009509080226465
11500 0.20092238087137407
11550 0.2008947095346398
11600 0.20086786833800757
11650 0.2008418323772743
11700 0.20081657749536302
11750 0.20079208025990908
11800 0.20076831794151875
11850 0.20074526849268015
11900 0.2007229105273067
11950 0.20070122330089446
12000 0.20068018669127458
12050 0.2006597811799433
12100 0.20063998783395195
12150 0.20062078828834035
12200 0.2006021647290971
12250 0.20058409987663112
12300 0.20056657696973915
12350 0.2005495797500539
12400 0.20053309244695924
12450 0.20051709976295742
12500 0.20050158685947567
12550 0.20048653934309835
12600 0.20047194325221235
12650 0.20045778504405293
12700 0.2004440515821383
12750 0.2004307301240811
12800 0.20041780830976563
12850 0.20040527414987963
12900 0.2003931160147902
12950 0.20038132262375347
13000 0.2003698830344478
13050 0.20035878663282133
13100 0.20034802312324365
13150 0.20033758251895328
13200 0.20047745543677534
13250 0.20046313186307904
13300 0.20044923799659362
13350 0.20043576094610277
13400 0.20042268820712664
13450 0.2004100076503198
13500 0.20039770751021715
13550 0.2003857763743176
13600 0.20037420317249502
13650 0.20036297716672713
13700 0.20065208810206484
13750 0.20093252570934242
13800 0.2009045500274691
13850 0.200877413616052
13900 0.2008510912969774
13950 0.20082555864747503
14000 0.20080079197745773
14050 0.20077676830754096
14100 0.20075346534772168
14150 0.20073086147669697
14200 0.200708935721803
14250 0.20068766773955588
14300 0.20066703779677617
14350 0.20064702675227983
14400 0.20062761603911838
14450 0.2006087876473518
14500 0.2005905241073382
14550 0.2007228087775087
14600 0.20070112460359038
14650 0.20068009095488962
14700 0.20065968831564987
14750 0.20063989775558733
14800 0.20062070091232667
14850 0.20060207997436383
14900 0.20058401766453987
14950 0.20056649722401063
15000 0.20054950239669725
15050 0.2005330174142033
15100 0.20051702698118415
15150 0.2005015162611556
15200 0.20048647086272786
15250 0.20047187682625298
15300 0.20045772061087233
15350 0.20044398908195313
15400 0.20043066949890148
15450 0.20071774966427397
15500 0.2006962172637527
15550 0.20067533083524708
15600 0.20065507099959662
15650 0.20063541895901568
15700 0.20061635647965217
15750 0.20059786587466957
15800 0.20057992998783644
15850 0.2005625321776083
15900 0.200545656301687
15950 0.20052928670204334
16000 0.200513408190389
16050 0.20049800603408427
16100 0.2004830659424687
16150 0.2004685740536016
16200 0.20060451722538422
16250 0.20058638179802965
16300 0.2005687904334957
16350 0.2005517268098978
16400 0.20053517509500782
16450 0.20066912023554825
16500 0.20064904671788877
16550 0.20062957540575907
16600 0.20061068823299325
16650 0.2005923676754104
16700 0.20057459673455502
16750 0.20055735892192533
16800 0.20054063824367452
16850 0.20052441918577124
16900 0.20050868669960506
16950 0.20049342618802385
17000 0.20047862349179008
17050 0.20046426487644334
17100 0.200450337019557
17150 0.20043682699837725
17200 0.2004237222778329
17250 0.20041101069890485
17300 0.20039868046734466
17350 0.20038672014273126
17400 0.20127511821658425
17450 0.20123686475949368
17500 0.20119975890611583
17550 0.2011637662283393
17600 0.20112885333089608
17650 0.20124498812435987
17700 0.20120763857003604
17750 0.2011714095023419
17800 0.2011362673066786
17850 0.2011021793768852
17900 0.2010691140849856
17950 0.20103704075184298
18000 0.20100592961869465
18050 0.20097575181954078
18100 0.2009464793543615
18150 0.2009180850631376
18200 0.20089054260065042
18250 0.20086382641203787
18300 0.2008379117090837
18350 0.20081277444721812
18400 0.20078839130320852
18450 0.20076473965351924
18500 0.2007417975533206
18550 0.20071954371612793
18600 0.20069795749405106
18650 0.20067701885863648
18700 0.20065670838228433
18750 0.20063700722022276
18800 0.20061789709302302
18850 0.2005993602696393
18900 0.20058137955095706
18950 0.2005639382538353
19000 0.2005470201956272
19050 0.2008306098400979
19100 0.20080569163430192
19150 0.20078152097467983
19200 0.2009080757388301
19250 0.20163083328785125
19300 0.20158190837862267
19350 0.20153445121667093
19400 0.20148841776957777
19450 0.2014437653258974
19500 0.20140045245552743
19550 0.20135843897126857
19600 0.20131768589153745
19650 0.20127815540419827
19700 0.20138981113546298
19750 0.20134811689080603
19800 0.2013076734734888
19850 0.20231844325140275
19900 0.20224889004326763
19950 0.20218142343137654
20000 0.2021159808178422
20050 0.2020525014827139
20100 0.20214092683162313
20150 0.2020766991160814
20200 0.2020143982320059
20250 0.20195396637445268
20300 0.20189534747262605
20350 0.20198848744183792
20400 0.20192883290798974
20450 0.201870968010157
20500 0.20181483905925923
20550 0.2017603939768884
20600 0.2017075822469887
20650 0.20225635474381626
20700 0.20218866419090872
20750 0.20227300465857212
20800 0.2022048146082219
20850 0.2021386702593822
20900 0.2020745102410077
20950 0.20201227502318442
21000 0.20195190686189585
21050 0.20189334974544593
21100 0.2018365493424895
21150 0.20178145295162178
21200 0.2017280094524801
21250 0.20167616925831264
21300 0.20162588426997022
21350 0.20157710783127805
21400 0.20152979468574667
21450 0.2014839009345812
21500 0.20143938399595074
21550 0.20139620256547916
21600 0.20135431657792174
21650 0.20131368716999104
21700 0.20127427664429826
21750 0.20123604843437626
21800 0.2011989670707519
21850 0.20116299814803631
21900 0.20112810829300218
21950 0.20109426513361905
22000 0.20106143726901743
22050 0.20177959397213296
22100 0.20187620654635963
22150 0.2019699207433595
22200 0.2019108232104657
22250 0.20185349860355867
22300 0.20179789373485887
22350 0.20174395701222006
22400 0.20169163839126042
22450 0.20164088932892957
22500 0.20159166273846862
22550 0.20154391294572152
22600 0.20149759564675682
22650 0.20145266786676105
22700 0.20140908792016518
22750 0.20136681537196718
22800 0.20132581100021513
22850 0.20128603675961562
22900 0.2012474557462341
22950 0.20121003216325403
23000 0.20117373128776336
23050 0.20113851943853742
23100 0.20110436394478826
23150 0.20107123311585157
23200 0.20103909621178298
23250 0.20115792371882016
23300 0.20112318609666252
23350 0.20123949090715332
23400 0.20120230626934568
23450 0.20116623717067225
23500 0.20113125014495903
23550 0.2010973127300172
23600 0.20106439343752366
23650 0.2010324617238049
23700 0.20100148796149772
23750 0.20097144341205975
23800 0.20094230019910492
23850 0.20091403128253874
23900 0.20088661043346953
23950 0.2008600122098724
24000 0.20083421193298318
24050 0.20080918566440065
24100 0.2007849101838756
24150 0.20076136296776628
24200 0.20073852216814025
24250 0.200716366592503
24300 0.20069487568413485
24350 0.20067402950301777
24400 0.20065380870733418
24450 0.20063419453552112
24500 0.20061516878886243
24550 0.20089671397553607
24600 0.20086981264567694
24650 0.20084371835571357
24700 0.20096840719843284
24750 0.20093935507188682
24800 0.20121117467006974
24850 0.2011748395193746
24900 0.2011395944232003
24950 0.2021554065726229
25000 0.20209074446485117
25050 0.2020280222203126
25100 0.20196718164311017
25150 0.20190816628322383
25200 0.20185092138413407
25250 0.201795393832017
25300 0.20174153210646345
25350 0.2016892862326765
25400 0.20163860773510317
25450 0.202489449181185
25500 0.2024147657951564
25550 0.20234232291070867
25600 0.20227205331279435
25650 0.20220389180281748
25700 0.2021377751381399
25750 0.20207364197340266
25800 0.20201143280360753
25850 0.20195108990890626
25900 0.20189255730104602
25950 0.2018357806714216
26000 0.2017807073406859
26050 0.2029272864065676
26100 0.20283946790377752
26150 0.20275428395607115
26200 0.20267165552679597
26250 0.20274150625438275
26300 0.20265926115615823
26350 0.202879483571813
26400 0.20279309915406557
26450 0.20270930626885056
26500 0.202628027170192
26550 0.2032991861762723
26600 0.20320021068039107
26650 0.2031042044493863
26700 0.20301107840531166
26750 0.20292074614255926
26800 0.20283312384768942
26850 0.20274813022166568
26900 0.20266568640442267
26950 0.20258571590169694
27000 0.202508144514053
27050 0.20243290026803837
27100 0.20235991334940417
27150 0.202289116038329
27200 0.2022204426465861
27250 0.20215382945659546
27300 0.20208921466230456
27350 0.2020265383118424
27400 0.20196574225189406
27450 0.2019067700737442
27500 0.20184956706093882
27550 0.2017940801385176
27600 0.20174025782376903
27650 0.20168805017846292
27700 0.2017874090664997
27750 0.20173378688391166
27800 0.20168177336680126
27850 0.2016313202552042
27900 0.20158238073695503
27950 0.20153490940425334
28000 0.2014888622115327
28050 0.20144419643459366
28100 0.2014008706309628
28150 0.20135884460144085
28200 0.20131807935280457
28250 0.20127853706162738
28300 0.20139018134316922
28350 0.2013484759922811
28400 0.20130802180191962
28450 0.201268781237269
28500 0.20123071788955788
28550 0.20149379660321065
28600 0.20144898279452128
28650 0.2014055134000926
28700 0.20136334808749679
28750 0.20132244773427885
28800 0.20128277439165743
28850 0.20124429124931464
28900 0.20120696260124216
28950 0.20117075381261185
29000 0.20113563128764045
29050 0.2011015624384182
29100 0.2010685156546726
29150 0.20103646027443936
29200 0.20100536655561313
29250 0.2009752056483517
29300 0.2009459495683081
29350 0.20091757117066583
29400 0.20089004412495282
29450 0.2008633428906112
29500 0.2008374426932998
29550 0.20081231950190778
29600 0.20078795000625752
29650 0.20076431159547675
29700 0.2007413823370194
29750 0.20071914095631577
29800 0.20069756681703324
29850 0.2006766399019292
29900 0.20065634079427827
29950 0.20078665096384057
30000 0.2007630515243323
30050 0.2007401600680093
30100 0.20071795535537598
30150 0.20069641678412165
30200 0.20067552437000494
30250 0.20065525872831175
30300 0.20063560105586936
30350 0.20061653311360023
30400 0.20059803720959918
30450 0.20058009618271816
30500 0.20056269338664356
30550 0.2005458126744512
30600 0.20052943838362464
30650 0.20051355532152285
30700 0.2004981487512841
30750 0.20048320437815254
30800 0.2004687083362149
30850 0.2004546471755354
30900 0.2004410078496763
30950 0.20042777770359296
31000 0.20041494446189212
31050 0.2004024962174423
31100 0.20039042142032598
31150 0.20037870886712317
31200 0.20036734769051642
31250 0.20035632734920789
31300 0.20034563761813862
31350 0.2003352685790014
31400 0.20032521061103833
31450 0.20031545438211415
31500 0.20030599084005768
31550 0.2002968112042629
31600 0.20028790695754198
31650 0.20027926983822267
31700 0.20027089183248295
31750 0.2002627651669154
31800 0.2002548823013149
31850 0.20024723592168242
31900 0.2002398189334389
31950 0.2002326244548427
32000 0.20022564581060437
32050 0.2002188765256932
32100 0.20021231031932937
32150 0.20020594109915646
32200 0.20034976325957243
32250 0.2003392704511922
32300 0.2003290924270634
32350 0.20031921974365846
32400 0.20030964324075567
32450 0.20030035403293997
32500 0.20029134350135872
32550 0.20028260328572492
32600 0.20042412558054384
32650 0.20041140190253448
32700 0.2003990599348654
32750 0.2003870882262264
32800 0.20037547566884656
32850 0.20036421148818812
32900 0.20035328523294943
32950 0.2003426867653679
33000 0.2003324062518138
33050 0.20032243415366635
33100 0.2003127612184633
33150 0.20030337847131635
33200 0.20029427720658383
33250 0.20028544897979328
33300 0.20027688559980644
33350 0.2002685791212192
33400 0.20026052183698959
33450 0.20025270627128686
33500 0.20024512517255522
33550 0.2002377715067855
33600 0.2002306384509889
33650 0.2002237193868662
33700 0.20021700789466718
33750 0.20021049774723412
33800 0.20020418290422407
33850 0.2001980575065043
33900 0.20019211587071611
33950 0.20018635248400157
34000 0.2003307623028722
34050 0.200320839523193
34100 0.20031121442690417
34150 0.200301878083504
34200 0.20074282184828723
34250 0.20072053728224556
34300 0.20069892125318514
34350 0.20067795370499655
34400 0.20065761518325362
34450 0.20063788681716296
34500 0.20061875030205503
34550 0.20060018788240033
34600 0.20058218233533529
34650 0.20056471695468217
34700 0.20054777553544867
34750 0.20053134235879216
34800 0.20051540217743535
34850 0.20049994020151923
34900 0.2004849420848806
34950 0.20047039391174115
35000 0.20045628218379588
35050 0.20044259380768895
35100 0.20042931608286524
35150 0.20041643668978623
35200 0.2004039436784996
35250 0.20039182545755155
35300 0.20038007078323194
35350 0.20036866874914194
35400 0.20035760877607464
35450 0.20034688060219935
35500 0.20063647443447288
35550 0.20061738029084564
35600 0.2005988589715272
35650 0.20058089329178835
35700 0.20056346658244165
35750 0.20054656267437534
35800 0.20053016588355105
35850 0.20051426099645148
35900 0.20049883325596488
35950 0.20048386834769288
36000 0.20046935238666905
36050 0.20045527190447593
36100 0.2004416138367486
36150 0.2004283655110531
36200 0.20041551463512847
36250 0.20040304928548155
36300 0.20039095789632405
36350 0.20037922924884127
36400 0.20036785246078298
36450 0.20035681697636645
36500 0.2003461125564824
36550 0.20033572926919488
36600 0.200325657480526
36650 0.20031588784551718
36700 0.20030641129955862
36750 0.20029721904997883
36800 0.2002883025678864
36850 0.20027965358025676
36900 0.200271264062256
36950 0.20026312622979528
37000 0.20025523253230837
37050 0.20054757580667865
37100 0.20053114862188523
37150 0.2008152144135682
37200 0.20079075807056812
37250 0.20091703572184175
37300 0.20103952504357717
37350 0.2010083393816768
37400 0.20097808928963345
37450 0.2009487467003514
37500 0.20092028438874782
37550 0.20089267594649235
37600 0.20086589575750452
37650 0.2023399188847794
37700 0.20226972140764296
37750 0.20220162985482062
37800 0.20213558104858295
37850 0.20207151370653242
37900 0.2020093683847434
37950 0.20194908742260806
38000 0.20189061488933677
38050 0.20183389653206363
38100 0.20177887972550868
38150 0.20172551342315037
38200 0.20167374810986283
38250 0.2016235357559739
38300 0.20157482977270164
38350 0.20152758496892753
38400 0.20148175750926667
38450 0.20143730487339562
38500 0.2013941858166007
38550 0.20135236033150963
38600 0.2013117896109713
38650 0.2012724360120491
38700 0.2012342630210946
38750 0.2011972352198687
38800 0.2011613182526796
38850 0.20112647879450618
38900 0.20109268452007795
38950 0.20135990423481512
39000 0.2013191071971776
39050 0.20127953407066923
39100 0.2012411481379561
39150 0.20120391378322436
39200 0.20116779645913457
39250 0.20113276265476748
39300 0.20109877986453142
39350 0.20106581655800243
39400 0.2010338421506693
39450 0.2010028269755562
39500 0.20097274225569645
39550 0.2009435600774325
39600 0.2009152533645165
39650 0.20088779585298794
39700 0.20086116206680527
39750 0.20083532729420805
39800 0.20081026756478876
39850 0.20078595962725204
39900 0.20076238092784143
39950 0.20073950958941314
40000 0.2007173243911377
40050 0.20069580474881052
40100 0.20067493069575315
40150 0.2006546828642875
40200 0.20063504246776584
40250 0.2006159912831398
40300 0.20059751163405257
40350 0.20057958637443796
40400 0.20056219887261179
40450 0.20054533299584038
40500 0.20052897309537213
40550 0.2005131039919179
40600 0.20094771097944872
40650 0.2009192797394722
40700 0.200891701436695
40750 0.2008649504830011
40800 0.20098900236190173
40850 0.20095933238045163
40900 0.20093055249844505
40950 0.20090263601289865
41000 0.20087555702191864
41050 0.20084929040066804
41100 0.20082381177805494
41150 0.20079909751412026
41200 0.2007751246781036
41250 0.20075187102716743
41300 0.20087931528974307
41350 0.20085293592045772
41400 0.20082734793225093
41450 0.20080252758369035
41500 0.2007784518455866
41550 0.20075509837962596
41600 0.20073244551764413
41650 0.20071047224152175
41700 0.20068915816368305
41750 0.2006684835081795
41800 0.20064842909234107
41850 0.2006289763089778
41900 0.20061010710911542
41950 0.20059180398524892
42000 0.20057404995509842
42050 0.2005568285458524
42100 0.2005401237788838
42150 0.20052392015492423
42200 0.20050820263968347
42250 0.2004929566498999
42300 0.20047816803980986
42350 0.20046382308802252
42400 0.2013499085205516
42450 0.2014594116583257
42500 0.20141562939798288
42550 0.20137316060545035
42600 0.2013319658766938
42650 0.20129200698979993
42700 0.20125324686951288
42750 0.20121564955283444
42800 0.20117918015565636
42850 0.20129380514437734
42900 0.20125499107945297
42950 0.20121734143647632
43000 0.201180821282789
43050 0.2011453967337123
43100 0.20111103492110788
43150 0.2010777039628816
43200 0.2010453729334021
43250 0.201014011834807
43300 0.20098359156916973
43350 0.2009540839115016
43400 0.2009254614835635
43450 0.20089769772846355
43500 0.2008707668860166
43550 0.20084464396884305
43600 0.20096930504316843
43650 0.2015402258561106
43700 0.20149401916983423
43750 0.20144919868414615
43800 0.2014057228130287
43850 0.2013635512180448
43900 0.20132264477091041
43950 0.20128296551719005
44000 0.2012444766410813
44050 0.20120714243125581
44100 0.2011709282477251
44150 0.20113580048970028
44200 0.20110172656441622
44250 0.20106867485689067
44300 0.2010366147005909
44350 0.20115551665296383
44400 0.20127085154676558
44450 0.20123272608976955
44500 0.2011957443964834
44550 0.20115987215399586
44600 0.20112507607878294
44650 0.2010913238858264
44700 0.20105858425865855
44750 0.20102682682030576
44800 0.20099602210510353
44850 0.2009661415313574
44900 0.20093715737482362
44950 0.2010590430469696
45000 0.20102727184496746
45050 0.2009964537790254
45100 0.20096656025506157
45150 0.2009375635368167
45200 0.20090943672011913
45250 0.2008821537079225
45300 0.20085568918609178
45350 0.20083001859991598
45400 0.20095511843530917
45450 0.20092646497165684
45500 0.2008986711119141
45550 0.20087171106796362
45600 0.20084555982533167
45650 0.20082019311997867
45700 0.20079558741578626
45750 0.20122171990060103
45800 0.20118506839298994
45850 0.2011495164306072
45900 0.20111503102709594
45950 0.20108158018569
46000 0.20104913286952625
46050 0.2010176589728474
46100 0.20098712929306894
46150 0.20095751550368382
46200 0.20092879012798026
46250 0.2009009265135478
46300 0.20087389880754833
46350 0.20084768193272884
46400 0.20082225156415393
46450 0.20079758410663626
46500 0.20077365667284414
46550 0.20075044706206577
46600 0.20072793373961076
46650 0.20070609581682938
46700 0.20068491303173144
46750 0.20066436573018645
46800 0.20064443484768782
46850 0.2009251020525967
46900 0.20089734908042575
46950 0.20087042869741994
47000 0.2008443159259043
47050 0.2008189865375341
47100 0.20079441703081505
47150 0.20077058460929756
47200 0.20074746716042557
47250 0.20072504323501977
47300 0.20070329202737613
47350 0.2006821933559618
47400 0.2006617276446899
47450 0.20094187606568872
47500 0.200913619873125
47550 0.20088621136633822
47600 0.20085962511475502
47650 0.20083383645071934
47700 0.20080882144660472
47750 0.20078455689261354
47800 0.2007610202752421
47850 0.2007381897563918
47900 0.20071604415310698
47950 0.20069456291792073
48000 0.20082372642377377
48050 0.20079901472046752
48100 0.20077504436826044
48150 0.20120179314450098
48200 0.20116573943957292
48250 0.2011307673457927
48300 0.20109684441482586
48350 0.20106393917178805
48400 0.20103202108604137
48450 0.2010010605428671
48500 0.20097102881598802
48550 0.20094189804091533
48600 0.20091364118909483
48650 0.20088623204282893
48700 0.200859645170951
48750 0.20083385590522942
48800 0.2008088403174795
48850 0.20093457550134577
48900 0.20090653832571234
48950 0.20087934226534793
49000 0.20085296208679446
49050 0.20082737331359757
49100 0.2008025522035966
49150 0.20077847572689567
49200 0.20075512154449576
49250 0.20088246829155154
49300 0.20085599433221196
49350 0.20083031459165257
49400 0.20080540524330995
49450 0.2007812431754176
49500 0.20075780596956203
49550 0.20073507187988213
49600 0.2007130198128926
49650 0.2006916293079128
49700 0.20067088051808235
49750 0.20065075419194683
49800 0.20063123165559538
49850 0.20076229509931817
49900 0.20073942633574557
49950 0.20071724363508014
