0 0.26499998569488525
50 0.26724998623132706
100 0.2691324861437082
150 0.2738085119170248
200 0.27939425591578393
250 0.28331242813102203
300 0.2877130555016681
350 0.2924316636220413
400 0.29700871349880337
450 0.29889845252299274
500 0.3022314988400146
550 0.30561455451854436
600 0.3069461185982438
650 0.30838773561250105
700 0.3075361035798888
750 0.30551002031155955
800 0.3059447194876361
850 0.3041163780460581
900 0.30549288741993214
950 0.30682810151258993
1000 0.3130732580380588
1050 0.31748106054725656
1100 0.31995662890965276
1150 0.3184579294701586
1200 0.31820419165757946
1250 0.3187080661581916
1300 0.32084682463836206
1350 0.3218714204714158
1400 0.3221152773565943
1450 0.3213018195365755
1500 0.32366276512929215
1550 0.3279028813886321
1600 0.3264657949827359
1650 0.32717182184850957
1700 0.3308566668354264
1750 0.3305309666157869
1800 0.32976503783189004
1850 0.3306720871260868
1900 0.32810192465535537
1950 0.3293588670587459
2000 0.3308781009039323
2050 0.32875175759071207
2100 0.3272892048987535
2150 0.327970528572977
2200 0.32833141282307604
2250 0.3253814701165187
2300 0.3267200261560743
2350 0.3265184251568154
2400 0.3257228727597388
2450 0.3260011868272862
2500 0.32642115132975597
2550 0.32622851657528656
2600 0.32484166111379076
2650 0.3275464119241072
2700 0.32897001956638405
2750 0.328550918907867
2800 0.3272443912333426
2850 0.3282270599254958
2900 0.32888024884298667
2950 0.32951384119888316
3000 0.32982842607020507
3050 0.3289335736457268
3100 0.32701556600720155
3150 0.3257550989196972
3200 0.3249824463097341
3250 0.3269329724912886
3300 0.3247749831734988
3350 0.3282317336067682
3400 0.33128478181314186
3450 0.3297462383945104
3500 0.3321538511353867
3550 0.32998923531522284
3600 0.32983955879220794
3650 0.33104437217149285
3700 0.32876304086329694
3750 0.3301501496373981
3800 0.3287956450409878
3850 0.32913177579704656
3900 0.3266078226661863
3950 0.3250595881650147
4000 0.3256578004843015
4050 0.325188066541298
4100 0.32353242486692413
4150 0.32777645133413513
4200 0.32694315815173897
4250 0.3276348632283729
4300 0.32500581717058913
4350 0.32455564272699705
4400 0.325468973123322
4450 0.32755490335741777
4500 0.3288282563997464
4550 0.32796340906538185
4600 0.3263745069722343
4650 0.3306832717273045
4700 0.3294627742192155
4750 0.32947889049196
4800 0.32739452349109893
4850 0.3273226874287381
4900 0.3266530070204527
4950 0.32630341673831353
5000 0.3264143137354851
5050 0.32727188489562514
5100 0.3240537283129936
5150 0.3224321167854689
5200 0.322509152924277
5250 0.3260338782650231
5300 0.32345286175613985
5350 0.32529927561735333
5400 0.3242402979925629
5450 0.32126308887397204
5500 0.32242519663690633
5550 0.32370244102390144
5600 0.32614136782894715
5650 0.3237071269371299
5700 0.322845913629695
5750 0.3232105364711437
5800 0.3231142201624327
5850 0.3249707932714574
5900 0.3252716697236532
5950 0.32406351952465523
6000 0.3239416137243389
6050 0.3242733655629482
6100 0.3257951645960597
6150 0.32607130901444775
6200 0.3279891693148609
6250 0.3298494938062616
6300 0.33300400906359934
6350 0.33171388854135186
6400 0.3301624719208741
6450 0.3306075977274851
6500 0.3289393699744745
6550 0.3289711892686309
6600 0.3285520535190464
6650 0.32844549244991683
6700 0.3262421275333682
6750 0.3266548647087252
6800 0.32870521819525883
6850 0.3293440623646568
6900 0.33056374063676824
6950 0.33339682877529303
7000 0.331794923947797
7050 0.33159107587173525
7100 0.33064334395321104
7150 0.3352740431696985
7200 0.33526582123087734
7250 0.3363078467370022
7300 0.3383686113706549
7350 0.3372175533871631
7400 0.33715102703588773
7450 0.3375364969400668
7500 0.3359604019245765
7550 0.33383158943768576
7600 0.33431664157574126
7650 0.33433714257880853
7700 0.33225702787229083
7750 0.3302393166069687
7800 0.330532137216048
7850 0.33081617320685497
7900 0.329441687903361
7950 0.3293084369086323
8000 0.32872918387289896
8050 0.3316173087143398
8100 0.33291878945290965
8150 0.3334312255905085
8200 0.33032828850092816
8250 0.32986843977437474
8300 0.33197238675995744
8350 0.3289132148352936
8400 0.32909581774650465
8450 0.3294229433213979
8500 0.3282402556654861
8550 0.3306930487823028
8600 0.3308222575691733
8650 0.33094758919836786
8700 0.335869161665468
8750 0.33644308649363885
8800 0.3366997938630669
8850 0.3358988001187005
8900 0.3351218361866651
8950 0.3358681815302186
9000 0.33854213644193987
9050 0.33558587263478395
9100 0.3358682964199777
9150 0.3349422477419551
9200 0.3377939805242731
9250 0.3383101616807495
9300 0.3385108567945643
9350 0.33795553087615066
9400 0.3374168647352894
9450 0.33989435929390976
9500 0.3406475288011948
9550 0.3430281025437683
9600 0.34233725925287856
9650 0.3457171409746132
9700 0.34614562717452824
9750 0.345061258430818
9800 0.3444594203202656
9850 0.3423756369954019
9900 0.3420043673848608
9950 0.34299423636331494
10000 0.34455440870021087
10050 0.3457677761531022
10100 0.343044742725458
10150 0.34655340069403373
10200 0.34605679817253365
10250 0.34632509479956225
10300 0.3449353423132033
10350 0.34328728268753733
10400 0.3418386647075902
10450 0.3437335048021253
10500 0.3401714994792476
10550 0.3434663541372423
10600 0.342012364013804
10650 0.34105199316491547
10700 0.34327043311962846
10750 0.34242232005451406
10800 0.34459965109660884
10850 0.3428116614564222
10900 0.3430273114339156
10950 0.34578649216242374
11000 0.34426289789823006
11050 0.34713501088975757
11100 0.3497709606345904
11150 0.3470778315294504
11200 0.34776549672661805
11250 0.35368253053735915
11300 0.35537205451395
11350 0.3546108923778524
11400 0.3591225654634657
11450 0.3636488882134595
11500 0.3614394213167162
11550 0.36004623860568913
11600 0.3637948509826022
11650 0.36683100556041254
11700 0.36422607542936297
11750 0.36304929280885423
11800 0.3629578135596723
11850 0.3619690786522031
11900 0.36191000582772076
11950 0.36065270543831246
12000 0.3615331247400793
12050 0.36058713049719787
12100 0.3611695164392308
12150 0.36053443105334226
12200 0.3600683989800489
12250 0.359916347582852
12300 0.3612688571911292
12350 0.3618307913323442
12400 0.36252586730627157
12450 0.36260009157318573
12500 0.3616220883253111
12550 0.3624734252463983
12600 0.3617992225962947
12650 0.3623452457753547
12700 0.3618248874722616
12750 0.36597014084809376
12800 0.3657910370518044
12850 0.36546730561838514
12900 0.3668032863425452
12950 0.36254918757345495
13000 0.3605227124469303
13050 0.35990703118081074
13100 0.36215982031691196
13150 0.3592450252782512
13200 0.36031767394769904
13250 0.3628581435146913
13300 0.36352239892314825
13350 0.3643167274203701
13400 0.3629872253831823
13450 0.3664976091938914
13500 0.36705268063197233
13550 0.3654911001414876
13600 0.36562636728029413
13650 0.3644075759042575
13700 0.3647253486271298
13750 0.3644335887405205
13800 0.3610005810783049
13850 0.3585705636817185
13900 0.3574134465566903
13950 0.3586910433388035
14000 0.3578303115379603
14050 0.35564540208453316
14100 0.3527760397358949
14150 0.3502927588656831
14200 0.34983397635005214
14250 0.35043895720260176
14300 0.34907578870110045
14350 0.35210351468243956
14400 0.3544404094565431
14450 0.3550571971728468
14500 0.3558054811146102
14550 0.35473131646659517
14600 0.35743937675802057
14650 0.359316195955959
14700 0.36023670964812676
14750 0.3581296081083435
14800 0.35818572029424667
14850 0.3588401485423681
14900 0.356324944264911
14950 0.35508519586543813
15000 0.3562826403113401
15050 0.359094160744372
15100 0.36197133542136184
15150 0.3608621950010931
15200 0.3645863286861441
15250 0.3644487383606435
15300 0.3640152760310103
15350 0.36974481796465675
15400 0.3721524730680892
15450 0.3725378985899442
15500 0.3741117619898737
15550 0.3718884094878054
15600 0.37423175684554333
15650 0.3709548037110236
15700 0.3691261596712184
15750 0.3687023754532865
15800 0.3691913047976553
15850 0.3693655656537256
15900 0.36923459897021615
15950 0.3688075606792446
16000 0.3671933337873417
16050 0.3656275337021959
16100 0.3687587076553672
16150 0.3647459464078248
16200 0.36160356772948776
16250 0.3632054613413333
16300 0.36685929793024674
16350 0.3707035191353905
16400 0.3711324132752265
16450 0.37394844098425806
16500 0.3726299872540513
16550 0.37720108870931335
16600 0.37653505572616885
16650 0.37633900419743493
16700 0.3750988334277817
16750 0.3774958688183389
16800 0.3792209928253143
16850 0.38149436253987584
16900 0.38024953177096793
16950 0.3820420457463133
17000 0.38378078340832866
17050 0.38951735954845096
17100 0.3904318383686068
17150 0.3862188832175486
17200 0.38483231682831054
17250 0.38633734739498676
17300 0.38629722668703487
17350 0.3825083096003215
17400 0.3804830602407863
17450 0.3812185684693255
17500 0.38133201112914344
17550 0.3824920504018785
17600 0.378667288746771
17650 0.3793072702631818
17700 0.37632805219104914
17750 0.37868821012463866
17800 0.38007756417852734
17850 0.3791752379684273
17900 0.3781499807936117
17950 0.38135548179895673
18000 0.3858148164866812
18050 0.3823403714198762
18100 0.38647015970507537
18150 0.3844760546993464
18200 0.38779177320141717
18250 0.3878580195762212
18300 0.390022279239274
18350 0.38672161089785856
18400 0.38846996235634607
18450 0.387765863771758
18500 0.38648288782284246
18550 0.39078840032985035
18600 0.39106474849876877
18650 0.3917828057934662
18700 0.3909793219057645
18750 0.3925999420340148
18800 0.3910219438802828
18850 0.38784128635065557
18900 0.3894060476886103
18950 0.38942386582879857
19000 0.3921411495320695
19050 0.393426915117633
19100 0.39437410802173184
19150 0.3949928854248101
19200 0.3967930992554564
19250 0.39583930656389504
19300 0.396714127724606
19350 0.39891270385710503
19400 0.400445322383764
19450 0.4002819630341162
19500 0.40102350450072055
19550 0.3991927994729873
19600 0.40056701527422095
19650 0.3993500052451478
19700 0.4011695044440632
19750 0.3996344191319274
19800 0.3990453864149184
19850 0.39997402503704754
19900 0.398624803964071
19950 0.39656605934446987
20000 0.3923190774210846
20050 0.3928495049911637
20100 0.39276401941227534
20150 0.3910310990802466
20200 0.3863501660899578
20250 0.3875096614648869
20300 0.3908843716209403
20350 0.3938578407584144
20400 0.39284210596481545
20450 0.39410684285739656
20500 0.3951836377862514
20550 0.3962281288672405
20600 0.3939412847866466
20650 0.393523046099996
20700 0.3941673553607263
20750 0.3935923346999045
20800 0.3943845642655167
20850 0.3978530270514489
20900 0.4015174374558402
20950 0.4011719139030115
21000 0.4012867565216839
21050 0.40244815375450776
21100 0.40447471000017937
21150 0.40089046859288563
21200 0.4013137551788292
21250 0.4023243425949899
21300 0.40420461242442857
21350 0.4082784746954259
21400 0.4104301210267677
21450 0.4117672168952856
21500 0.4112641998162224
21550 0.4116762741793636
21600 0.4105759859539827
21650 0.4134087062323121
21700 0.4145064455817845
21750 0.4149712524289077
21800 0.4194721147845149
21850 0.4202379511264027
21900 0.42458081073294573
21950 0.42759338748384096
22000 0.429465586145428
22050 0.43038161791733504
22100 0.43082016916523824
22150 0.4342455645909601
22200 0.4380181959366175
22250 0.4368776502373329
22300 0.43727132037258504
22350 0.4378031811547981
22400 0.4378690856486286
22450 0.4406330122208629
22500 0.44016402221186485
22550 0.4436091017600856
22600 0.44080082852846914
22650 0.4440768040302429
22700 0.44290449905102874
22750 0.43981736418678624
22800 0.44027284276050366
22850 0.4369646578710792
22900 0.43675571834952354
22950 0.4352030465129355
23000 0.4371469551175474
23050 0.4346825461421559
23100 0.43649206990094236
23150 0.4367473075893374
23200 0.43579488839742003
23250 0.43592104167397183
23300 0.43454340999459923
23350 0.43440710790933795
23400 0.4345748946005322
23450 0.43293764761946507
23500 0.4353995177617277
23550 0.43838753122751783
23600 0.4390359046469621
23650 0.4401148264346697
23700 0.43981138185620633
23750 0.4390670401501806
23800 0.43774502837347057
23850 0.43841267777260595
23900 0.4389102969387488
23950 0.4366929883166886
24000 0.4316921980949834
24050 0.43434143336806863
24100 0.43331118965177085
24150 0.43351185389069213
24200 0.43475649809515743
24250 0.43536380265162367
24300 0.440002889573433
24350 0.4428528018848719
24400 0.4423172181859536
24450 0.4396977013185099
24500 0.4404567703862429
24550 0.44059306795414854
24600 0.44297527534331954
24650 0.4449860167969177
24700 0.4455864364002985
24750 0.44466884305795
24800 0.43972877690790463
24850 0.4422869128854118
24900 0.4423683052842727
24950 0.44259725576811665
25000 0.4422193383096498
25050 0.4423027579457836
25100 0.44178367556503795
25150 0.4438301650119845
25200 0.4458152597755227
25250 0.4454908020537826
25300 0.44352607784911796
25350 0.4450702956566956
25400 0.4446181870015714
25450 0.44237964153457543
25500 0.4451582512871801
25550 0.44815350246110436
25600 0.4452088972084573
25650 0.4498526310074593
25700 0.4512070522202867
25750 0.45507084015299903
25800 0.45686871451925565
25850 0.45336265319096636
25900 0.4517617737740513
25950 0.452308920525067
26000 0.4549396517649058
26050 0.45524146142517735
26100 0.45418421808310105
26150 0.4551086910756918
26200 0.4545054304149466
26250 0.45362026786012605
26300 0.45111165996737346
26350 0.45167831013258947
26400 0.45222796168691864
26450 0.45321112326546453
26500 0.4537147904258075
26550 0.4543533465342193
26600 0.45362274635276945
26650 0.4559140631038795
26700 0.4552866412822887
26750 0.4554280422941595
26800 0.4564652004173674
26850 0.45807124411874406
26900 0.4548291075104375
26950 0.4566342338559709
27000 0.45478520716215687
27050 0.4537416514479712
27100 0.45107940219063436
27150 0.4532970194096596
27200 0.4554481081121141
27250 0.45378466415349494
27300 0.4520211236566855
27350 0.4507604898396966
27400 0.4517876755736591
27450 0.45533404509187264
27500 0.46117402302386074
27550 0.46038880240467045
27600 0.4602271378318513
27650 0.460520323661133
27700 0.46170471395129903
27750 0.46285357253276005
27800 0.4630679644269448
27850 0.45922592574447596
27900 0.4598491485443463
27950 0.45940367387343917
28000 0.45957156376452435
28050 0.46183441585023055
28100 0.46282938351777475
28150 0.4610945020480043
28200 0.4637616655560527
28250 0.4645488158754734
28300 0.46576235125615806
28350 0.4693394818628825
28400 0.4671092968347914
28450 0.4638960183589011
28500 0.4651291376650829
28550 0.4654252642503861
28600 0.4646625062513489
28650 0.4670726297763481
28700 0.46791045013203914
28750 0.4736731374148593
28800 0.47371294311359957
28850 0.47525155410493586
28900 0.47314400841162024
28950 0.46959968873147623
29000 0.47126169914241556
29050 0.4713738488833988
29100 0.47178263384605024
29150 0.4721791552598222
29200 0.47151378024439966
29250 0.4744683684106303
29300 0.4738843168576324
29350 0.4760177878525824
29400 0.47748725350174925
29450 0.47966263625432465
29500 0.4771227565944903
29550 0.47870907482648806
29600 0.4752978028677957
29650 0.4755888683168456
29700 0.4761712024103914
29750 0.47913606598045183
29800 0.4817119839295127
29850 0.4827106239824739
29900 0.48307930451198117
29950 0.4796869255196729
