0 0.24000000953674316
50 0.24045000910758974
100 0.23878650890588762
150 0.23897291378176214
200 0.240953726582886
250 0.24317511471387385
300 0.2426298610936437
350 0.2422509649389693
400 0.24473343563317235
450 0.2453414330290934
500 0.24983118946601598
550 0.2502862542469517
600 0.25327766644072924
650 0.2563293361256423
700 0.2610894566856032
750 0.26255677305656067
800 0.2659300698648639
850 0.26620216794773194
900 0.2699161024801465
950 0.2682686195130305
1000 0.2702705611779791
1050 0.2753624442711141
1100 0.2783515709429807
1150 0.28080102424384473
1200 0.2815269937311061
1250 0.28538118381188454
1300 0.28956974865515583
1350 0.29348265669618023
1400 0.2953281766734297
1450 0.29561833158780354
1500 0.2996497818547461
1550 0.3052102888282572
1600 0.307753979734256
1650 0.31112136084290737
1700 0.3149877199460946
1750 0.31873808827618616
1800 0.32252594541332386
1850 0.32845016647871955
1900 0.3302966610552045
1950 0.33358776115202277
2000 0.3391801277452575
2050 0.34220472384137424
2100 0.34843858248376086
2150 0.3552354246516202
2200 0.35627836148291814
2250 0.36074001049537946
2300 0.36416781089577377
2350 0.36704277592517043
2400 0.3680314928262292
2450 0.369890548256019
2500 0.37574382994867356
2550 0.3767715158369947
2600 0.38121836964662914
2650 0.38478181855723026
2700 0.3876383636786483
2750 0.3952092123391354
2800 0.3965529358974358
2850 0.39470634717678255
2900 0.3996651568330047
2950 0.4031252016988611
3000 0.4105314467207789
3050 0.41636550210322076
3100 0.4172245368255474
3150 0.4177578007923065
3200 0.42007506691158847
3250 0.4214228159055989
3300 0.4252801317860588
3350 0.42512172833315603
3400 0.4275180763401102
3450 0.42984253390685573
3500 0.4341972593201615
3550 0.43827134311411925
3600 0.4395232024988306
3650 0.44103750670996794
3700 0.44700638107951546
3750 0.449946190147809
3800 0.4508478050155793
3850 0.4557723711512143
3900 0.45964920116108704
3950 0.4593597247686266
4000 0.46012893256065157
4050 0.4607250651560366
4100 0.4640033129867788
4150 0.4649332137402266
4200 0.468235216970392
4250 0.4690381606043314
4300 0.47146701435569
4350 0.4738230042826472
4400 0.4737083150124746
4450 0.47809706570515154
4500 0.4774041541273876
4550 0.4779320287525475
4600 0.48069406767539435
4650 0.480073245895472
4700 0.48472104823250556
4750 0.4854794164994281
4800 0.4851650338256313
4850 0.4899600822386578
4900 0.49131127877013997
4950 0.4921719416229705
5000 0.4952567842325883
5050 0.4953990807056106
5100 0.4986871088566469
5150 0.49977649458958945
5200 0.5015831998234274
5250 0.5022857031134688
5300 0.5044671316624368
5350 0.5095831198583309
5400 0.5122956269778367
5450 0.5113267578466365
5500 0.5157869558980187
5550 0.5175633486515896
5600 0.5201864487642465
5650 0.52198085480064
5700 0.5265714295142487
5750 0.5289242872010259
5800 0.5300065585134696
5850 0.5336063610428098
5900 0.5348481698538976
5950 0.5342527243291273
6000 0.5366751428853558
6050 0.5411248886703207
6100 0.5436411420102111
6150 0.545781908036007
6200 0.5502584505803502
6250 0.5513006964192095
6300 0.5517116754551077
6350 0.5518103254060311
6400 0.5475560155365619
6450 0.546129335070465
6500 0.5472954561627602
6550 0.5530765927639798
6600 0.553584296554623
6650 0.5530267684447656
6700 0.5556359649622693
6750 0.5565168853696711
6800 0.5573713799529901
6850 0.5583502395557585
6900 0.5577997312246765
6950 0.5566657387157317
7000 0.555715765839004
7050 0.5535942932929873
7100 0.5557364644941977
7150 0.5555643709169996
7200 0.5570474403616942
7250 0.5569860173654201
7300 0.5561764359861506
7350 0.5594411417621569
7400 0.5600579087967524
7450 0.5614061721050545
7500 0.5636139866558006
7550 0.5666555676998568
7600 0.5670559019563214
7650 0.5681942254698363
7700 0.5671983977043833
7750 0.5684824462024053
7800 0.5704779725302309
7850 0.5689636327821194
7900 0.5685447240132325
7950 0.5723383820782589
8000 0.5718182308304879
8050 0.5704136831903175
8100 0.5723512724085057
8150 0.5754307345938784
8200 0.5727178129852155
8250 0.575336277594301
8300 0.5733761889803697
8350 0.575524902738754
8400 0.5722091557638798
8450 0.5749928799465541
8500 0.576943093119004
8550 0.5809347996817037
8600 0.5821067558343037
8650 0.5841435524440189
8700 0.5855192457276472
8750 0.5820536683200551
8800 0.5836420579843512
8850 0.5866827945282068
8900 0.5875323109784629
8950 0.5858063407908022
9000 0.5823321505313154
9050 0.5839121857292736
9100 0.5866448205150233
9150 0.5852454765433027
9200 0.5829881119609014
9250 0.5822984686735999
9300 0.5816295146849175
9350 0.5820306301026769
9400 0.5797197110565454
9450 0.5821281187234909
9500 0.5817642749472095
9550 0.5838113459835376
9600 0.5862470044596222
9650 0.5857595941112568
9700 0.5854368077184305
9750 0.5860237040590822
9800 0.5897429940817189
9850 0.5920007031148581
9900 0.5920906828797192
9950 0.5897779619641742
10000 0.5900846238205048
10050 0.595482084533685
10100 0.5954676228559813
10150 0.5947035957438644
10200 0.5960624874423951
10250 0.5981306134628535
10300 0.6019366957742236
10350 0.6044285949725225
10400 0.6051957369802957
10450 0.6017398651569892
10500 0.6034876682009215
10550 0.6000830375469264
10600 0.5999305472788254
10650 0.6002326312896141
10700 0.6036756515641444
10750 0.6023653820887457
10800 0.6004944194816741
10850 0.5949295866468844
10900 0.5962816986183245
10950 0.5986432480174027
11000 0.5989839510060341
11050 0.599914432332802
11100 0.6006669993628179
11150 0.6031969894534589
11200 0.6014510802705342
11250 0.6008075473617391
11300 0.6022833202256312
11350 0.6050648204042857
11400 0.6044628769365663
11450 0.6046289910576228
11500 0.6070401213974197
11550 0.608628916754139
11600 0.6083700499667706
11650 0.605568948038614
11700 0.610501879025251
11750 0.6110868225114423
11800 0.610604218694406
11850 0.6138860912037413
11900 0.6127195098981405
11950 0.612337925316452
12000 0.6098677866986516
12050 0.6122717530261665
12100 0.6116035996486002
12150 0.6133554903716818
12200 0.614154825231378
12250 0.6120801791869763
12300 0.6142677738828927
12350 0.6144397408094571
12400 0.6155065478699177
12450 0.6193913515768713
12500 0.6200096106004118
12550 0.6201593222823995
12600 0.6165545426139275
12650 0.6156079056917796
12700 0.617539668735603
12750 0.6206134795318418
12800 0.6198450760041934
12850 0.6196997240101699
12900 0.6168587315746091
12950 0.6154529712009335
13000 0.6143893833523658
13050 0.6153077012795903
13100 0.6139484718147652
13150 0.6132300186616803
13200 0.6143331191747134
13250 0.6148031254564209
13300 0.6185590319788307
13350 0.6193522604472612
13400 0.6190716930629968
13450 0.6223995428433116
13500 0.6248775578454726
13550 0.6224812298226481
13600 0.6216567937862755
13650 0.6246070908309941
13700 0.6256688788928456
13750 0.6253488128121626
13800 0.6242883494291558
13850 0.6229597002337415
13900 0.6252709088691014
13950 0.6261627807447215
14000 0.6241778973939055
14050 0.6257025608297162
14100 0.6268814846485549
14150 0.6305750401090982
14200 0.628307789120402
14250 0.62940855609052
14300 0.6295762991217022
14350 0.628539011006358
14400 0.6248328405331162
14450 0.6251378550310204
14500 0.6263337182356805
14550 0.6232937077614937
14600 0.6252948964571234
14650 0.6243860504217166
14700 0.6236544696243208
14750 0.6233948358216935
14800 0.6252429908185684
14850 0.6237357007363835
14900 0.6246736288559852
14950 0.6273834209916637
15000 0.6274619182188627
15050 0.6267880594563621
15100 0.6262844181018247
15150 0.6269958848435142
15200 0.6276860093710924
15250 0.6274554292330108
15300 0.6281317656407648
15350 0.6286378120993373
15400 0.6258286767349992
15450 0.6298538161468469
15500 0.6337582013763391
15550 0.6342454546197932
15600 0.6330680918395063
15650 0.6365760490843211
15700 0.6384787672541636
15750 0.639724402662976
15800 0.6412326705115612
15850 0.6414956896809587
15900 0.6380008182752742
15950 0.6371607941561694
16000 0.638145969044024
16050 0.6337015902588056
16100 0.6334405425510414
16150 0.6358873272758683
16200 0.6378107070999645
16250 0.6387763863876446
16300 0.6392630939377084
16350 0.6370352010480516
16400 0.63667414501661
16450 0.6352739216674698
16500 0.6342157047327014
16550 0.632889232803939
16600 0.6325025559628721
16650 0.6294274802138183
16700 0.629144655950455
16750 0.6342703166295691
16800 0.6324922085611935
16850 0.6340674423758833
16900 0.6355954191761324
16950 0.637377558174411
17000 0.6392562328596901
17050 0.6373285473044109
17100 0.638908690813753
17150 0.6390914295171358
17200 0.6410686879190821
17250 0.6416366262801516
17300 0.6441375282070029
17350 0.6473134023607927
17400 0.6484440003614945
17450 0.6438406804937008
17500 0.6465754605080433
17550 0.6463781962636486
17600 0.6491868506618415
17650 0.6529612444267304
17700 0.6551224078091843
17750 0.6548187350027043
17800 0.6576741729526232
17850 0.6604439477640445
17900 0.6592306294741743
17950 0.6628537097316421
18000 0.6599181001563066
18050 0.6597705562933106
18100 0.6591774391753579
18150 0.6608521152133158
18200 0.6582765513992884
18250 0.6590782549288354
18300 0.6586559067087658
18350 0.6568962284346193
18400 0.654589342869041
18450 0.6552016611524583
18500 0.6542956113178845
18550 0.6546167418339387
18600 0.6546282387206137
18650 0.6528393924173022
18700 0.6539542087851181
18750 0.6479855820208855
18800 0.646246015561617
18850 0.6483086343079871
18900 0.6522593744204406
18950 0.6521915924725716
19000 0.6497258462719571
19050 0.6471840708122728
19100 0.6472685479726489
19150 0.6494504923917763
19200 0.6508169774054464
19250 0.6519924697998968
19300 0.6499826968503091
19350 0.6513332157302232
19400 0.652793220688828
19450 0.6555594242112143
19500 0.6550926410557244
19550 0.6531398610372714
19600 0.65394566542073
19650 0.6535272950289547
19700 0.6534214754628304
19750 0.6537688300545362
19800 0.6524557655820536
19850 0.6514820927576432
19900 0.6527876297603372
19950 0.6485040005814248
20000 0.6479488804209309
20050 0.6459104152957633
20100 0.646783101406379
20150 0.6447796078635086
20200 0.6450862187692965
20250 0.6477836326353711
20300 0.6520501225119008
20350 0.6527386174060322
20400 0.6559564585977489
20450 0.6586277649828676
20500 0.6580689316042282
20550 0.6561768645144083
20600 0.6556915581498226
20650 0.6564208098317653
20700 0.6571281839632497
20750 0.6545143382297754
20800 0.6533289083689845
20850 0.651429042119273
20900 0.6560361692821322
20950 0.6573550838460404
21000 0.6524844305796406
21050 0.6524098969469957
21100 0.6512876003246881
21150 0.6509489736739333
21200 0.6497205048928688
21250 0.6456788893169293
21300 0.6461085216360634
21350 0.6468252664876605
21400 0.6476705070625192
21450 0.647740391135388
21500 0.6467581796874287
21550 0.6503054338676523
21600 0.6537462704224692
21650 0.6563338825958975
21700 0.6543438671193786
21750 0.6543635502474905
21800 0.6528826443122704
21850 0.6535461635523908
21900 0.652839778502768
21950 0.6535045837171735
22000 0.6550494474931186
22050 0.6538479643544273
22100 0.6550825252092177
22150 0.6561300493814156
22200 0.6497961476853964
22250 0.6487522635409368
22300 0.6423396957062343
22350 0.6460195044058937
22400 0.6441889186299868
22450 0.6434632512141384
22500 0.643209353391612
22550 0.6441630731474915
22600 0.6450881813106947
22650 0.6464355357998484
22700 0.6472924700834808
22750 0.6494736968392832
22800 0.6479894866493605
22850 0.6490998021214053
22900 0.6503268079862375
22950 0.6503170030313947
23000 0.6494074930835041
23050 0.6494252693638826
23100 0.6536425119266963
23150 0.6524832368549978
23200 0.6539087411798593
23250 0.6560414796597193
23300 0.6573602349122999
23350 0.661039427006624
23400 0.6610082449832066
23450 0.6612779981343895
23500 0.6631896589056135
23550 0.6633939696391242
23600 0.6596921511936806
23650 0.661651387373126
23700 0.6640018460380346
23750 0.6632817902277401
23800 0.6630333356626011
23850 0.6651923360218766
23900 0.6620365660127459
23950 0.6589754708920283
24000 0.6606562059784862
24050 0.6579365195845549
24100 0.655898423210237
24150 0.6539214715152879
24200 0.6541038263684712
24250 0.6533807114343659
24300 0.6508792898767582
24350 0.6514529116811345
24400 0.6533593253320585
24450 0.6543085456436224
24500 0.654179288559058
24550 0.6569039100453375
24600 0.6560967926009263
24650 0.658463889252052
24700 0.6556599725029649
24750 0.6529401732563505
24800 0.6530019672003531
24850 0.6538119083989192
24900 0.653697550431696
24950 0.6520866246340008
25000 0.6518740271109156
25050 0.6504678068697927
25100 0.6515037727352245
25150 0.6486086597677445
25200 0.6477504001177633
25250 0.6482678869698212
25300 0.6441198500746242
25350 0.6475962542862832
25400 0.6469183666576948
25450 0.6473108164447452
25500 0.6460414925236074
25550 0.6476602473902714
25600 0.6465304403977167
25650 0.6463345267566317
25700 0.647944490596305
25750 0.645756155520788
25800 0.6490334707121131
25850 0.651912466733801
25900 0.6547050928748381
25950 0.6541139398024908
26000 0.6559405226097741
26050 0.6544123075036855
26100 0.6568299387077284
26150 0.6581250401888687
26200 0.6583312878387935
26250 0.6594313507771923
26300 0.6610984112552346
26350 0.6636154590606288
26400 0.6639569956464378
26450 0.6596382852048401
26500 0.6564991350751324
26550 0.6584041618811853
26600 0.6556020369532242
26650 0.6576839747717438
26700 0.6544534558862194
26750 0.6531198526387862
26800 0.654376256845046
26850 0.6539449687105412
26900 0.6542766185048158
26950 0.6548983185191598
27000 0.656851369821892
27050 0.657395829084863
27100 0.6583739541407916
27150 0.6570727358026701
27200 0.6580605536570645
27250 0.6567687373334549
27300 0.6595656752134513
27350 0.6615287056723036
27400 0.6610328439299299
27450 0.6595018590411854
27500 0.6610168044143591
27550 0.6614362988514167
27600 0.6597432104580788
27650 0.6599009147880667
27700 0.6593038869152713
27750 0.660824769664083
27800 0.661250025143649
27850 0.6604625241032372
27900 0.6614986481655635
27950 0.6626536901511081
28000 0.6634740793750493
28050 0.6657698572799002
28100 0.6681467617045544
28150 0.6692523583527388
28200 0.6734747876736822
28250 0.6697705426129603
28300 0.669027425762367
28350 0.6659066029179704
28400 0.6624294033999198
28450 0.6623565220847036
28500 0.6591358248486
28550 0.6548117496739886
28600 0.656617398185127
28650 0.6595688760965219
28700 0.6631818089553193
28750 0.6608363540429296
28800 0.6612612619911302
28850 0.6583734240598708
28900 0.6593222212665492
28950 0.660392554413976
29000 0.6635307773524033
29050 0.6607248538172545
29100 0.6590531087749415
29150 0.6565315151540654
29200 0.6552855699855458
29250 0.6558770032436073
29300 0.6528506933608759
29350 0.6569651714156404
29400 0.6557062165592735
29450 0.6538850291326629
29500 0.6558684791169899
29550 0.6531424246719546
29600 0.6521481520748471
29650 0.6528337078702297
29700 0.6509486976354808
29750 0.6537702368494676
29800 0.6557571306022905
29850 0.657384417828631
29900 0.6537128860805533
29950 0.656451499641188
30000 0.6573079547234779
30050 0.6614387147943133
30100 0.6637955536365863
30150 0.6677316857400284
30200 0.6676497340234183
30250 0.6696702424318692
30300 0.6716301355880666
30350 0.6745812327363594
30400 0.6736937951820641
30450 0.6725329810404999
30500 0.6777069924675917
30550 0.6786757820498337
30600 0.6781155075869806
30650 0.6793720414295387
30700 0.6801408814741129
30750 0.6759366538854804
30800 0.6804085539112881
30850 0.6835462962925913
30900 0.6841899069031345
30950 0.6812142090523103
31000 0.6811777812071784
31050 0.6826424483431677
31100 0.6834631760372818
31150 0.6827592797548052
31200 0.6846265015052122
31250 0.682687706603107
31300 0.6817070746897581
31350 0.6845058617338096
31400 0.685870686454
31450 0.6844945654312266
31500 0.685859727252355
31550 0.6886839363646169
31600 0.6906734181306272
31650 0.6882532160158619
31700 0.6902556193923348
31750 0.6899479510251415
31800 0.6920495122082849
31850 0.6900380268420364
31900 0.6915368863228777
31950 0.6910407783026798
32000 0.690559553523088
32050 0.6894927660590885
32100 0.6905579837925716
32150 0.6896412432774364
32200 0.6905520068374202
32250 0.690685446417721
32300 0.6860148820238313
32350 0.6888344347048094
32400 0.689769402521972
32450 0.6885763197310572
32500 0.6859190308543812
32550 0.6870914588558661
32600 0.6870287151617157
32650 0.6857678531346597
32700 0.6830448183989268
32750 0.6853534735608567
32800 0.687292869354031
32850 0.6854240832734101
32900 0.6867613613474124
32950 0.6867085223666549
33000 0.6892072661234506
33050 0.690131048998054
33100 0.6857771162406521
33150 0.6847038020381768
33200 0.6883126881916082
33250 0.691513308046539
33300 0.6887679077322593
33350 0.6889548702857148
33400 0.6889862241056178
33450 0.6896166367387191
33500 0.6878281374935064
33550 0.685043294227008
33600 0.6839919946849421
33650 0.6828222342721892
33700 0.6815375668148702
33750 0.6817914397388986
33800 0.6812876954023224
33850 0.680349063824997
33900 0.6792885913380425
33950 0.6748099327395944
34000 0.6728656351865601
34050 0.6733796660594378
34100 0.675378276363757
34150 0.6719169281443699
34200 0.6714094194417319
34250 0.6739171367154287
34300 0.6718496231861705
34350 0.6756941348482132
34400 0.6759733108742924
34450 0.6778941118341659
34500 0.6790072876923596
34550 0.6754370709212537
34600 0.672723958149886
34650 0.673392240978952
34700 0.6729904745363647
34750 0.6721507597280693
34800 0.6722362355057157
34850 0.6703691488696977
34900 0.6715580755480159
34950 0.6716613318510639
35000 0.6717614922531598
35050 0.6736586479147185
35100 0.6765488896932118
35150 0.6774024225017365
35200 0.6765803491114287
35250 0.677282938280458
35300 0.6770644488445839
35350 0.6798525148070418
35400 0.6758069398635096
35450 0.6790827306662462
35500 0.6788102492469379
35550 0.6791459416980042
35600 0.6818715628748595
35650 0.6840654158455626
35700 0.68304345265494
35750 0.6814521489322407
35800 0.6791585850364781
35850 0.6758838290589463
35900 0.6742073143302291
35950 0.6725810950433734
36000 0.6725036626927512
36050 0.6736285539563779
36100 0.6708196986251469
36150 0.670045107094188
36200 0.6686937538813623
36250 0.6679829406927169
36300 0.6707434521858331
36350 0.669521148477207
36400 0.6704355154534023
36450 0.6714724512772605
36500 0.6747282786687752
36550 0.6733864301656608
36600 0.6750848378328956
36650 0.6779322921257042
36700 0.6791943224321005
36750 0.6756184928306631
36800 0.6778499380457432
36850 0.6741644401189476
36900 0.6759895073445327
36950 0.6762598204075829
37000 0.6781720260814578
37050 0.6740268641546049
37100 0.6752560574431854
37150 0.6792983757914154
37200 0.6770694250898776
37250 0.6770073409066697
37300 0.6748471212516742
37350 0.6756017090446355
37400 0.6722836577017708
37450 0.67056514825682
37500 0.6699481930938597
37550 0.6685997473010439
37600 0.6686417553826915
37650 0.6688325012906993
37700 0.6681175256797738
37750 0.6686239981927667
37800 0.6659652777463048
37850 0.6638363202722225
37900 0.6641712310216837
37950 0.6607460944486611
38000 0.6656737112575734
38050 0.6674535006351019
38100 0.6657298960452023
38150 0.6646579990207951
38200 0.6649682594077991
38250 0.6624192111248862
38300 0.665646634218935
38350 0.6680272353354182
38400 0.6658364191336625
38450 0.6649113262735504
38500 0.6668639870575486
38550 0.6669580679465011
38600 0.6677993256935294
38650 0.6683153459942491
38700 0.6685158859720496
38750 0.6696104106803484
38800 0.6694720972155288
38850 0.6706879354434722
38900 0.6697672969510146
38950 0.6693242771841773
39000 0.6721945484394986
39050 0.6713787114141091
39100 0.6723873495710069
39150 0.6738157299421836
39200 0.6756512584730716
39250 0.6760817224354932
39300 0.6733492719068376
39350 0.6738487936781069
39400 0.6722333300108149
39450 0.675016329681337
39500 0.6750158401485248
39550 0.6789153633705064
39600 0.6793979022548146
39650 0.6810659656163236
39700 0.6829839867908851
39750 0.6849944671871586
39800 0.6851446331000183
39850 0.6857402936063388
39900 0.6867680856564555
39950 0.6861150419423526
40000 0.6860815907556077
40050 0.6860491431044651
40100 0.6893176675238708
40150 0.688138136782899
40200 0.6889439936807701
40250 0.6885256742279748
40300 0.684519902427573
40350 0.6794343049255923
40400 0.6818512754917222
40450 0.6828457382283286
40500 0.6823103649370695
40550 0.6849410534167528
40600 0.6882428205267899
40650 0.6899455360540374
40700 0.6915971701154675
40750 0.6925992557272592
40800 0.6911712774832369
40850 0.6932361388726375
40900 0.6931390528467934
40950 0.6952948808322361
41000 0.6973860339781156
41050 0.6964144518143629
41100 0.695622018760611
41150 0.6951533584123695
41200 0.696198758232203
41250 0.6976627956282881
41300 0.6984829124746953
41350 0.6986784245997755
41400 0.6975180708604242
41450 0.6950425290207137
41500 0.6978912520056831
41550 0.6946545154468706
41600 0.6952648809848225
41650 0.6922569354135847
41700 0.6897892277803306
41750 0.6920455505177672
41800 0.6922841836446063
41850 0.6928156592796774
41900 0.6909311893582359
41950 0.6955532527476564
42000 0.6956866565957383
42050 0.6997160581853265
42100 0.7022745754384087
42150 0.7020563379606797
42200 0.7019946474642315
42250 0.7025348088986114
42300 0.6973587655614855
42350 0.6972880023800643
42400 0.694369363023918
42450 0.6940882822047261
42500 0.6918656338816355
42550 0.6888096640784052
42600 0.6909453738699507
42650 0.6894170122246988
42700 0.6909345021440602
42750 0.6909064670082128
42800 0.6926792729979665
42850 0.6912488942358229
42900 0.6903114281955296
42950 0.6895520842052545
43000 0.686415522823506
43050 0.6883230571388008
43100 0.6897233658537902
43150 0.6880816645920743
43200 0.6893392152265168
43250 0.6895090385551446
43300 0.6898237688290018
43350 0.6868290567654898
43400 0.6860241840611669
43450 0.6898934584678064
43500 0.689896656430386
43550 0.6927497557361164
43600 0.6914672623487772
43650 0.6878232442637372
43700 0.6872885474365041
43750 0.6887198914425625
43800 0.6884582949138623
43850 0.6903045460664465
43900 0.6931454104712345
43950 0.6935010476564185
44000 0.6906960169419817
44050 0.6896251355754154
44100 0.6882863809359484
44150 0.6875877883634607
44200 0.6882601558569661
44250 0.6914623498937967
44300 0.6890184798261363
44350 0.6873979251452499
44400 0.6877759888214039
44450 0.6866427084415061
44500 0.6888434269021586
44550 0.6858781233083125
44600 0.68690178046737
44650 0.6884947273394513
44700 0.6882398857338445
44750 0.687992689376406
44800 0.6874529074076534
44850 0.6861793196132193
44900 0.685543940668553
44950 0.6849276213040871
45000 0.685079792593439
45050 0.6834273986725847
45100 0.6810745772846117
45150 0.6826923403952269
45200 0.6815615696111655
45250 0.6807647216645237
45300 0.6810417799430625
45350 0.6807105252573102
45400 0.6776892107870512
45450 0.6780585343919142
45500 0.6812667791469381
45550 0.6783787769169392
45600 0.6760274125365474
45650 0.6782465901604511
45700 0.6779991911681772
45750 0.6771592147178762
45800 0.6754444384193911
45850 0.6739311052668093
45900 0.672463172108805
45950 0.6686392756580806
46000 0.6706300978174916
46050 0.6712111948114413
46100 0.6668248582518423
46150 0.6697701120751336
46200 0.6711270097142377
46250 0.669293199851964
46300 0.6688644047862375
46350 0.669798474073162
46400 0.6710045209953763
46450 0.6714243854370406
46500 0.6698816540169806
46550 0.6739352046110479
46600 0.6736671473283072
46650 0.6750571319786255
46700 0.6740054175901133
46750 0.677185254204103
46800 0.6765196957196731
46850 0.6781241054202876
46900 0.6778803827583579
46950 0.6807939705603514
47000 0.6791201514435409
47050 0.6807965473293881
47100 0.6827226510525577
47150 0.6838409723792879
47200 0.6864257426357047
47250 0.679632970606973
47300 0.6820439812026615
47350 0.681082661051326
47400 0.6821001822211442
47450 0.6835371773267145
47500 0.6840310616492853
47550 0.6812101308011648
47600 0.6813238269486555
47650 0.6797841119971447
47700 0.6796405872067188
47750 0.6787513688752616
47800 0.6780388269506968
47850 0.6756976628574317
47900 0.6737267334008622
47950 0.677364930111376
48000 0.6769939810636255
48050 0.6785841622039214
48100 0.6792266369801759
48150 0.6790998364402592
48200 0.6816768409178979
48250 0.6774265345459518
48300 0.6773537370790618
48350 0.6753331253958433
48400 0.6768231323492238
48450 0.6761684375204402
48500 0.677333385396185
48550 0.6780133834766717
48600 0.6764229819723716
48650 0.6750302923701493
48700 0.6756293851726075
48750 0.6736605040465827
48800 0.6720506890682364
48850 0.6736391691114451
48900 0.6711299950394597
48950 0.6737960949021735
49000 0.6742822119835827
49050 0.6744537440505126
49100 0.6770201314428949
49150 0.6748595280718126
49200 0.6751637423011838
49250 0.6757588298175716
49300 0.6779860649230445
49350 0.6799964831184043
49400 0.6772965878380709
49450 0.6790276906320822
49500 0.6801068591263384
49550 0.681453654067804
49600 0.6824600454471279
49650 0.6847862437976118
49700 0.6874926575565671
49750 0.6868178784736002
49800 0.6878133429776991
49850 0.6868289418300614
49900 0.6870740733605829
49950 0.6838618506590864
50000 0.6831459941379557
